#time[s]	ice_avg_T[K]	liquid_avg_T[K]	radius[m]	rdot[m/s]
0.0	0.0	0.0	0.0	0.0
1e-05	257.1513361670254	293.1499127503558	0.040499888069497815	-0.011193050218440323
5.000000000000001e-05	257.1535210496267	293.14978198893164	0.04049976775412649	0.0035402484642641564
0.00021	257.1574052184299	293.14954557869584	0.04049952092220037	-0.0003705517425888318
0.00085	257.164904436762	293.1490856518851	0.04049902890118003	-0.00014964948912807232
0.0034100000000000003	257.17980083560764	293.14816540605983	0.04049798727831741	-0.00011736479987362234
0.01365	257.20949789997843	293.1463103529719	0.04049556858932559	-9.965302977770949e-05
0.05461000000000001	257.26859850142495	293.14254440075666	0.04048929829693522	-8.658988107550633e-05
0.21845000000000003	257.38572024271997	293.1347957437715	0.04047097462744034	-7.884319727561416e-05
0.8738100000000001	257.61602603715454	293.1184376503928	0.04041150595045811	-7.386455716620068e-05
2.87381	257.9744805138469	293.0897419884654	0.04025276991648676	-7.080120660658773e-05
4.873810000000001	258.18926342159415	293.06993126420826	0.040106693630807565	-6.987320576655972e-05
6.873810000000001	258.359281636804	293.05293144195133	0.039966094765827735	-6.893007731507113e-05
8.87381	258.50774270410136	293.0373386996568	0.03982874021721269	-6.786619521632743e-05
10.873810000000002	258.6415150601526	293.02272529758955	0.03969362384868495	-6.699863924203929e-05
12.873810000000002	258.7640115455601	293.0088755751324	0.039560269807286386	-6.623643891699309e-05
14.87381	258.87753213509507	292.99564288420817	0.039428410629822	-6.555587274865434e-05
16.87381	258.9837572882608	292.98291939444994	0.039297869881557715	-6.494076683210739e-05
18.87381	259.08394372486725	292.970624011891	0.03916851804756204	-6.437868843068324e-05
20.87381	259.1790487038325	292.9586946789555	0.03904025384576741	-6.386019284705243e-05
22.87381	259.2698158278109	292.94708300034324	0.03891299499773759	-6.337808557370448e-05
24.873809999999995	259.3568339875066	292.9357505161834	0.03878667296699919	-6.292681104634745e-05
26.87381	259.4405778833217	292.92466612361	0.038661229617668914	-6.250200431310495e-05
28.87381	259.5214362354658	292.9138042742287	0.038536614932634904	-6.210017644293739e-05
30.873810000000002	259.59973179020625	292.903143692103	0.03841278537796726	-6.171849474222841e-05
32.873810000000006	259.6757357945022	292.89266644417023	0.038289702690215345	-6.135462714702695e-05
34.873810000000006	259.7496786725575	292.88235725329076	0.03816733295431166	-6.1006629989778706e-05
36.873810000000006	259.82175804244105	292.87220298154784	0.038045645888307354	-6.06728655273109e-05
38.873810000000006	259.8921448335662	292.8621922352937	0.037924614279263955	-6.0351940281476424e-05
40.87381000000001	259.96098802358966	292.85231505882035	0.03780421353197101	-6.004265820885898e-05
42.87381000000001	260.0284183549983	292.8425626936165	0.037684421303378096	-5.974398462144993e-05
44.87381000000001	260.0945512862015	292.8329273868938	0.03756521720314553	-5.945501802618823e-05
46.87381000000001	260.15948936037876	292.82340223763833	0.037446582545889805	-5.917496788365849e-05
48.87381000000002	260.22332412587747	292.81398107160044	0.037328500144337265	-5.890313685047168e-05
50.87381000000002	260.28613770723234	292.8046583388609	0.03721095413520581	-5.863890646046147e-05
52.87381000000002	260.34800410110495	292.7954290291943	0.03709392983153157	-5.838172547280898e-05
54.87381000000002	260.4089902535364	292.7862886015998	0.03697741359655916	-5.8131100310754253e-05
56.87381000000003	260.46915696177746	292.7772329252125	0.03686139273536251	-5.788658715437686e-05
58.87381000000003	260.52855963423315	292.7682582294304	0.03674585540115784	-5.764778535434345e-05
60.87381000000003	260.58724893475704	292.75936106156223	0.036630790513877756	-5.741433190889528e-05
62.87381000000003	260.64527133200323	292.750538250659	0.03651618768904653	-5.718589680339759e-05
64.87381000000003	260.70266957031174	292.74178687646213	0.03640203717536305	-5.696217905480083e-05
66.87381000000003	260.7594830753355	292.7331042426105	0.036288329799687574	-5.6742903335735735e-05
68.87381000000003	260.8157483050751	292.7244878534175	0.03617505691835806	-5.6527817078267475e-05
70.87381000000003	260.8714990549893	292.7159353936526	0.036062210373945414	-5.631668797711048e-05
72.87381000000003	260.92676672427046	292.7074447108679	0.03594978245670526	-5.610930182694762e-05
74.87381000000003	260.98158054911846	292.69901379988795	0.03583776587010406	-5.5905460640863663e-05
76.87381000000005	261.03596780783647	292.6906407891517	0.035726153699894944	-5.570498100653538e-05
78.87381000000005	261.08995400176093	292.6823239286404	0.035614939386299865	-5.550769264402688e-05
80.87381000000005	261.14356301537805	292.6740615791756	0.03550411669892037	-5.5313437135857016e-05
82.87381000000005	261.1968172584411	292.6658522029014	0.03539367971405455	-5.5122066804489056e-05
84.87381000000005	261.24973779246176	292.6576943547958	0.03528362279414385	-5.4933443716573464e-05
86.87381000000005	261.30234444310105	292.64958667524	0.035173940568224954	-5.47474394615015e-05
88.87381000000005	261.3546559021191	292.64152788281854	0.03506462791688155	-5.4563932027822676e-05
90.87381000000005	261.4066898176701	292.6335167684504	0.03495567995590595	-5.4382807895853876e-05
92.87381000000006	261.4584628752538	292.6255521898831	0.03484709202188582	-5.4203960271191986e-05
94.87381000000006	261.5099908709375	292.61763306670383	0.03473885965931576	-5.402728842252034e-05
96.87381000000006	261.561288777417	292.6097583758288	0.034630978608822055	-5.385269722775578e-05
98.87381000000006	261.6123708036756	292.60192714741453	0.03452344479635609	-5.368009672604952e-05
100.87381000000006	261.66325044894427	292.59413846114563	0.03441625432326627	-5.3509401700878655e-05
102.87381000000006	261.713940551584	292.58639144285763	0.034309403457169915	-5.334053129980682e-05
104.87381000000006	261.76445333342775	292.57868526145654	0.03420288862355317	-5.317340868847411e-05
106.87381000000006	261.81480044005474	292.571019126107	0.03409670639803257	-5.3007960736260854e-05
108.87381000000008	261.86499297741267	292.5633922836588	0.0339908534992183	-5.284411773055248e-05
110.87381000000008	261.91504154515536	292.55580401628964	0.03388532678212429	-5.2681813116944706e-05
112.87381000000008	261.9649562670211	292.5482536393404	0.03378012323207544	-5.2520983263131816e-05
114.87381000000008	262.01474681854023	292.5407404993268	0.03367523995906679	-5.236156724428118e-05
116.87381000000008	262.06442245233256	292.53326397210753	0.033570674192533304	-5.2203506647947434e-05
118.87381000000008	262.1139920212229	292.5258234611964	0.03346642327649281	-5.204674539700495e-05
120.87381000000008	262.1634639993827	292.5184183962032	0.03336248466502764	-5.189122958875527e-05
122.87381000000008	262.21284650168496	292.51104823139184	0.033258855918073635	-5.173690734921055e-05
124.87381000000009	262.262147301437	292.5037124443458	0.03315553469748779	-5.15837287008825e-05
126.87381000000009	262.31137384664487	292.4964105347298	0.03305251876336839	-5.1431645443087225e-05
128.87381000000008	262.36053327494403	292.4891420231398	0.032949805970603444	-5.1280611043860886e-05
130.87381000000008	262.40963242732005	292.4819064500335	0.03284739426562559	-5.1130580542151095e-05
132.8738100000001	262.4586778607311	292.4747033747342	0.0327452816833535	-5.0981510459608426e-05
134.8738100000001	262.507675859734	292.4675323745014	0.0326434663443013	-5.0833358721127793e-05
136.8738100000001	262.5566324472049	292.4603930436623	0.03254194645183946	-5.068608458332725e-05
138.8738100000001	262.60555339423905	292.4532849927998	0.03244072028959203	-5.0539648570110844e-05
140.8738100000001	262.6544442293045	292.44620784799133	0.032339786218956286	-5.039401241495793e-05
142.8738100000001	262.7033102467202	292.4391612500944	0.03223914267673238	-5.024913900899396e-05
144.8738100000001	262.75215651451936	292.4321448540759	0.03213878817285174	-5.010499235449566e-05
146.8738100000001	262.8009878817573	292.42515832838046	0.03203872128819398	-4.996153752316069e-05
148.8738100000001	262.8498089853135	292.4182013543349	0.03193894067248297	-4.981874061881143e-05
150.8738100000001	262.8986242562371	292.41127362558694	0.03183944504225416	-4.967656874385746e-05
152.8738100000001	262.94743792567715	292.40437484757393	0.03174023317888543	-4.9534989969345734e-05
154.8738100000001	262.9962540304377	292.3975047370204	0.03164130392668516	-4.939397330801482e-05
156.8738100000001	263.04507641819254	292.39066302146193	0.03154265619103162	-4.925348869009335e-05
158.8738100000001	263.0939087523918	292.3838494387931	0.03144428893655822	-4.911350694166274e-05
160.8738100000001	263.1427545168906	292.3770637368378	0.03134620118538062	-4.897399976484912e-05
162.8738100000001	263.19161702032443	292.3703056729409	0.031248392015361167	-4.883493972019021e-05
164.87381000000013	263.24049940025685	292.3635750135785	0.031150860558407534	-4.869630021035881e-05
166.87381000000013	263.2894046271206	292.356871533987	0.03105360599880235	-4.855805546547592e-05
168.87381000000013	263.33833550797164	292.3501950178079	0.030956627571561316	-4.842018052948303e-05
170.87381000000013	263.3872946900744	292.3435452567493	0.030859924560817573	-4.828265124754685e-05
172.87381000000013	263.4362846643334	292.33692205026085	0.03076349629823044	-4.8145444254416756e-05
174.87381000000013	263.4853077685871	292.3303252052236	0.030667342161416977	-4.8008536963313506e-05
176.87381000000013	263.5343661907752	292.3237545356513	0.030571461572405017	-4.7871907555604476e-05
178.87381000000013	263.5834619719927	292.31720986240447	0.03047585399610668	-4.7735534970757305e-05
180.87381000000013	263.6325970094408	292.3106910129157	0.03038051893881152	-4.7599398896792635e-05
182.87381000000013	263.6817730592831	292.30419782092514	0.03028545594669852	-4.746347976095407e-05
184.87381000000013	263.73099173941745	292.29773012622655	0.03019066460436679	-4.732775872055111e-05
186.87381000000013	263.7802545321689	292.2912877744221	0.030096144533384123	-4.719221765406982e-05
188.87381000000013	263.82956278691313	292.28487061668676	0.030001895390853725	-4.705683915213153e-05
190.87381000000013	263.87891772263305	292.2784785095409	0.02990791686799858	-4.692160650875907e-05
192.87381000000013	263.9283204304174	292.2721113146306	0.02981420868876373	-4.678650371235673e-05
194.87381000000013	263.97777187590367	292.2657688985162	0.02972077060843618	-4.6651515436946784e-05
196.87381000000016	264.0272729016711	292.25945113246826	0.029627602412283013	-4.6516627032989604e-05
198.87381000000016	264.0768242295865	292.25315789226903	0.02953470391420746	-4.638182451836963e-05
200.87381000000013	264.1264264631067	292.2468890580225	0.02944207495542331	-4.6247094569227665e-05
202.87381000000013	264.176080089541	292.24064451396947	0.02934971540314785	-4.611242451055554e-05
204.87381000000013	264.2257854822755	292.23442414830936	0.029257625149313685	-4.59778023067603e-05
206.87381000000013	264.2755429029619	292.2282278530276	0.02916580410929951	-4.584321655208759e-05
208.87381000000013	264.32535250367283	292.22205552372844	0.029074252220680306	-4.570865646085864e-05
210.87381000000013	264.3752143290258	292.21590705947364	0.028982969441997162	-4.557411185755893e-05
212.87381000000013	264.42512831827673	292.20978236262596	0.028891955751546954	-4.54395731668678e-05
214.87381000000013	264.47509430738455	292.20368133869783	0.028801211146192118	-4.530503140357199e-05
216.87381000000013	264.5251120310487	292.197603896205	0.02871073564019095	-4.517047816216976e-05
218.87381000000013	264.57518112471985	292.1915499465241	0.028620529264048455	-4.503590560657916e-05
220.87381000000016	264.6253011265851	292.1855194037559	0.02853059206338813	-4.4901306459622486e-05
222.87381000000016	264.6754714795285	292.17951218459194	0.028440924097844773	-4.4766673992438166e-05
224.87381000000016	264.72569153306716	292.173528208186	0.028351525439978566	-4.463200201381559e-05
226.87381000000016	264.7759605452648	292.1675673960289	0.02826239617421053	-4.4497284859475734e-05
228.87381000000016	264.8262776846213	292.1616296718287	0.028173536395779585	-4.436251738119875e-05
230.87381000000016	264.8766420319407	292.15571496139256	0.028084946209721254	-4.422769493601418e-05
232.87381000000016	264.92705258217745	292.14982319251476	0.027996625729868062	-4.409281337531042e-05
234.87381000000016	264.9775082462602	292.1439542948664	0.027908575077871808	-4.395786903389273e-05
236.87381000000016	265.0280078528953	292.13810819988987	0.02782079438224765	-4.382285871905394e-05
238.87381000000016	265.0785501503497	292.1322848406958	0.02773328377744015	-4.368777969958211e-05
240.87381000000016	265.12913380821226	292.12648415196395	0.027646043402911075	-4.355262969493229e-05
242.87381000000016	265.1797574191363	292.1207060698476	0.02755907340224902	-4.341740686426761e-05
244.87381000000016	265.23041950056125	292.1149505318798	0.027472373922300865	-4.3282109795602714e-05
246.87381000000016	265.28111849641544	292.10921747688434	0.02738594511232496	-4.314673749489047e-05
248.87381000000016	265.33185277879903	292.1035068448882	0.027299787123165813	-4.3011289375382453e-05
250.87381000000016	265.38262064964846	292.09781857703786	0.027213900106450386	-4.287576524678235e-05
252.87381000000016	265.4334203423822	292.09215261551793	0.02712828421380558	-4.274016530474507e-05
254.8738100000002	265.4842500235272	292.0865089034731	0.027042939596097056	-4.260449012019679e-05
256.87381000000016	265.5351077943287	292.08088738493177	0.02695786640268901	-4.2468740628900244e-05
258.87381000000016	265.58599169234117	292.0752880047331	0.026873064780724803	-4.233291812115087e-05
260.87381000000016	265.6368996930018	292.06971070845634	0.026788534874428113	-4.2197024231462034e-05
262.87381000000016	265.68782971118736	292.06415544235233	0.02670427682442473	-4.206106092836546e-05
264.87381000000016	265.73877960275365	292.05862215327795	0.02662029076708419	-4.192503050455619e-05
266.87381000000016	265.789747166059	292.0531107886323	0.026536576833881657	-4.178893556676389e-05
268.87381000000016	265.8407301434709	292.04762129629535	0.02645313515077924	-4.1652779026178845e-05
270.8738100000002	265.89172622285776	292.04215362456904	0.026369965837626828	-4.1516564088703834e-05
272.8738100000002	265.9427330390639	292.03670772212007	0.026287069007582018	-4.1380294245501235e-05
274.8738100000002	265.993748175371	292.031283537925	0.02620444476654886	-4.124397326366847e-05
276.8738100000002	266.04476916494383	292.02588102121763	0.026122093212635214	-4.110760517694509e-05
278.8738100000002	266.09579349226186	292.02050012143746	0.026040014435628245	-4.097119427681754e-05
280.8738100000002	266.14681859453736	292.0151407881812	0.025958208516487974	-4.083474510345772e-05
282.8738100000002	266.1978418631197	292.0098029711552	0.025876675526858402	-4.069826243711557e-05
284.8738100000002	266.24886064488663	292.0044866201303	0.025795415528595936	-4.05617512894542e-05
286.8738100000002	266.2998722436231	291.9991916848978	0.02571442857331487	-4.0425216895185575e-05
288.8738100000002	266.3508739213874	291.99391811522815	0.025633714701949514	-4.028866470374893e-05
290.8738100000002	266.4018628998661	291.98866586082994	0.0255532739443327	-4.015210037126999e-05
292.8738100000002	266.4528363617171	291.98343487131143	0.025473106318790344	-4.001552975256307e-05
294.8738100000002	266.5037914519023	291.9782250961436	0.02539321183175165	-3.987895889343357e-05
296.8738100000002	266.5547252790087	291.97303648462423	0.02531359047737484	-3.97423940229299e-05
298.8738100000002	266.60563491656103	291.9678689858439	0.025234242237187923	-3.960584154598556e-05
300.8738100000002	266.65651740432264	291.962722548653	0.02515516707974412	-3.9469308036123076e-05
302.8738100000002	266.7073697495893	291.95759712163067	0.02507636496029193	-3.933280022819217e-05
304.8738100000002	266.7581889284724	291.95249265305443	0.02499783582045913	-3.919632501155454e-05
306.8738100000002	266.8089718871747	291.9474090908717	0.02491957958795078	-3.905988942306487e-05
308.8738100000002	266.8597155432577	291.9423463826724	0.024841596176260625	-3.892350064052888e-05
310.8738100000002	266.91041678690135	291.93730447566224	0.0247638854843958	-3.878716597607856e-05
312.8738100000002	266.96107248215657	291.9322833166381	0.02468644739661438	-3.865089286985592e-05
314.8738100000002	267.0116794681907	291.9272828519642	0.024609281782175616	-3.851468888371454e-05
316.8738100000002	267.06223456052714	291.92230302754894	0.024532388495102513	-3.837856169514178e-05
318.8738100000002	267.1127345522772	291.91734378882336	0.02445576737395644	-3.8242519091281993e-05
320.8738100000002	267.1631762153682	291.9124050807208	0.024379418241623554	-3.810656896314325e-05
322.8738100000002	267.21355630176413	291.90748684765686	0.024303340905112686	-3.7970719299929275e-05
324.8738100000002	267.2638715446824	291.9025890335111	0.024227535155364573	-3.783497818336895e-05
326.8738100000002	267.31411865980476	291.8977115816094	0.02415200076707205	-3.7699353782360794e-05
328.8738100000002	267.36429434648454	291.89285443470703	0.024076737498510897	-3.7563854347734796e-05
330.8738100000002	267.41439528894824	291.88801753497296	0.02400174509138133	-3.7428488206887224e-05
332.8738100000003	267.4644181574938	291.883200823975	0.023927023270659625	-3.7293263758888743e-05
334.8738100000003	267.51435960968496	291.8784042426659	0.023852571744459875	-3.7158189469387715e-05
336.8738100000003	267.56421629154136	291.8736277313698	0.023778390203905445	-3.702327386588711e-05
338.8738100000003	267.61398483872523	291.86887122977015	0.023704478323010113	-3.6888525532893065e-05
340.8738100000003	267.66366187772496	291.8641346768977	0.023630835758568548	-3.6753953107340995e-05
342.8738100000003	267.71324402703516	291.8594180111202	0.023557462150055886	-3.661956527410404e-05
344.8738100000003	267.7627278983331	291.8547211701319	0.02348435711953645	-3.6485370761411285e-05
346.8738100000003	267.81211009765326	291.85004409094404	0.023411520271581106	-3.635137833664973e-05
348.8738100000003	267.86138722655767	291.84538670987683	0.02333895119319317	-3.621759680212129e-05
350.8738100000003	267.9105558833038	291.8407489625506	0.0232666494537429	-3.608403499071738e-05
352.8738100000003	267.9596126640099	291.8361307838791	0.023194614604910173	-3.5950701761981485e-05
354.8738100000003	268.00855416381665	291.8315321080628	0.02312284618063512	-3.581760599810908e-05
356.8738100000003	268.0573769780465	291.8269528685822	0.023051343697076787	-3.568475659998397e-05
358.8738100000003	268.10607770335986	291.8223929981933	0.022980106652579647	-3.5552162483274686e-05
360.8738100000003	268.1546529389083	291.81785242892227	0.022909134527647423	-3.541983257487965e-05
362.8738100000003	268.20309928748463	291.81333109206093	0.022838426784924763	-3.528777580893828e-05
364.8738100000003	268.2514133566697	291.8088289181637	0.022767982869185934	-3.515600112345561e-05
366.8738100000003	268.29959175997607	291.80434583704425	0.022697802207330867	-3.5024517456589325e-05
368.8738100000003	268.34763111798816	291.79988177777255	0.02262788420838831	-3.489333374315525e-05
370.8738100000003	268.3955280594986	291.7954366686733	0.02255822826352571	-3.476245891130785e-05
372.8738100000003	268.4432792226412	291.79101043732425	0.022488833746066236	-3.4631901878956635e-05
374.8738100000003	268.4908812560192	291.786603010555	0.022419700011512216	-3.4501671550649996e-05
376.8738100000003	268.5383308198299	291.78221431444655	0.02235082639757537	-3.437177681413203e-05
378.8738100000003	268.585624586985	291.77784427433147	0.022282212224213484	-3.424222653719956e-05
380.8738100000003	268.6327592442248	291.7734928147938	0.022213856793673468	-3.41130295645421e-05
382.8738100000003	268.6797314932298	291.76915985967065	0.02214575939054069	-3.3984194714577576e-05
384.8738100000003	268.72653805172405	291.76484533205263	0.022077919281794534	-3.385573077642484e-05
386.8738100000003	268.77317565457554	291.76054915428637	0.02201033571687003	-3.372764650683562e-05
388.8738100000003	268.8196410548889	291.7562712479764	0.021943007927725584	-3.359995062721311e-05
390.8738100000003	268.86593102509255	291.75201153398757	0.021875935128916522	-3.347265182068409e-05
392.8738100000003	268.91204235801894	291.74776993244865	0.02180911651767454	-3.334575872922156e-05
394.8738100000003	268.9579718679776	291.74354636275507	0.02174255127399293	-3.3219279950708816e-05
396.8738100000003	269.00371639182157	291.7393407435731	0.02167623856071735	-3.309322403628357e-05
398.87381000000033	269.04927279000475	291.7351529928442	0.021610177523642377	-3.2967599487335815e-05
400.87381000000033	269.0946379476322	291.73098302778936	0.021544367291613454	-3.2842414752945836e-05
402.8738100000003	269.13980877550074	291.7268307649141	0.021478806976634353	-3.2717678227096736e-05
404.8738100000002	269.1847822111318	291.72269612001384	0.021413495673979863	-3.25933982460911e-05
406.87381000000016	269.2295552197932	291.7185790081797	0.02134843246231397	-3.246958308579881e-05
408.87381000000016	269.2741247955122	291.71447934380444	0.02128361640381313	-3.2346240959157316e-05
410.8738100000001	269.3184879620776	291.71039704058865	0.021219046544294684	-3.2223380013627194e-05
412.87381000000005	269.36264177403103	291.70633201154783	0.021154721913350386	-3.210100832861234e-05
414.87381	269.40658331764706	291.70228416901926	0.02109064152448497	-3.1979133912989374e-05
416.87381	269.45030971190124	291.6982534246694	0.02102680437525948	-3.185776470276213e-05
418.87380999999993	269.49381810942623	291.69423968950144	0.020963209447439728	-3.173690855844217e-05
420.8738099999999	269.537105697455	291.69024287386344	0.020899855707149282	-3.1616573262894244e-05
422.8738099999998	269.5801696987506	291.6862628874568	0.020836742105027284	-3.149676651888736e-05
424.8738099999998	269.6230073725228	291.68229963934436	0.020773867576390926	-3.1377495946766464e-05
426.87380999999976	269.66561601533004	291.67835303796005	0.020711231041402444	-3.125876908227353e-05
428.8738099999997	269.7079929619672	291.6744229911172	0.020648831405240636	-3.1140593374234354e-05
430.87380999999965	269.7501355863376	291.6705094060186	0.020586667558276796	-3.102297618242502e-05
432.87380999999965	269.79204130231045	291.6666121892661	0.020524738376255004	-3.090592477538716e-05
434.8738099999996	269.8337075645611	291.66273124687064	0.02046304272047664	-3.0789446328323936e-05
436.87380999999954	269.8751318693959	291.6588664842622	0.02040157943798921	-3.067354792098037e-05
438.8738099999995	269.91631175555915	291.6550178063007	0.0203403473617791	-3.0558236535725646e-05
440.8738099999995	269.95724480502355	291.6511851172866	0.02027934531096861	-3.044351905534087e-05
442.8738099999994	269.997928643762	291.64736832097196	0.02021857209101674	-3.032940226127596e-05
444.87380999999937	270.03836094250164	291.64356732057144	0.02015802649392398	-3.0215892831600954e-05
446.8738099999993	270.078539417459	291.6397820187742	0.020097707298440858	-3.0102997339152746e-05
448.8738099999993	270.1184618310565	291.63601231775516	0.02003761327028017	-2.9990722249734645e-05
450.87380999999925	270.1581259926184	291.6322581191872	0.019977743162332917	-2.987907392026577e-05
452.8738099999992	270.19752975904794	291.6285193242532	0.01991809571488777	-2.9768058597050047e-05
454.87380999999914	270.2366710354837	291.62479583365837	0.019858669655853946	-2.9657682414082332e-05
456.87380999999914	270.27554777593514	291.6210875476426	0.019799463700987553	-2.9547951391339367e-05
458.8738099999991	270.31415798389764	291.6173943659935	0.019740476554121082	-2.9438871433254338e-05
460.873809999999	270.3524997129456	291.613716188059	0.01968170690739628	-2.933044832698387e-05
462.87380999999897	270.39057106730394	291.61005291276075	0.019623153441499945	-2.922268774105101e-05
464.87380999999897	270.42837020239836	291.6064044386071	0.019564814825902853	-2.911559522373499e-05
466.8738099999989	270.4658953253822	291.60277066370656	0.019506689719101508	-2.9009176201731523e-05
468.87380999999885	270.50314469564086	291.5991514857815	0.019448776768862905	-2.890343597861766e-05
470.8738099999988	270.5401166252743	291.595546802182	0.019391074612471755	-2.879837973371328e-05
472.8738099999988	270.5768094795555	291.5919565098993	0.019333581876980536	-2.869401252062773e-05
474.87380999999874	270.61322167736546	291.5883805055805	0.019276297179462016	-2.8590339266086862e-05
476.8738099999987	270.649351691605	291.58481868554173	0.019219219127264212	-2.8487364768720817e-05
478.8738099999986	270.68519804958305	291.58127094578356	0.019162346318267694	-2.8385093697936058e-05
480.8738099999986	270.72075933337993	291.5777371820049	0.0191056773411451	-2.828353059281734e-05
482.87380999999857	270.7560341801875	291.57421728961714	0.01904921077562275	-2.8182679861114023e-05
484.8738099999985	270.7910212826241	291.5707111637594	0.018992945192744356	-2.808254577821057e-05
486.87380999999846	270.82571938902583	291.5672186993132	0.018936879155136675	-2.798313248616179e-05
488.87380999999846	270.86012730371243	291.5637397909167	0.01888101121727685	-2.7884443992948265e-05
490.8738099999984	270.8942438872292	291.5602743329806	0.01882533992576163	-2.778648417145731e-05
492.87380999999834	270.9280680565638	291.55682221970216	0.01876986381957802	-2.7689256758904382e-05
494.8738099999983	270.96159878533774	291.5533833450809	0.018714581430375535	-2.7592765355962695e-05
496.8738099999983	270.99483510397397	291.5499576029335	0.018659491282739922	-2.7497013426086155e-05
498.87380999999823	271.02777609983883	291.54654488690915	0.018604591894468003	-2.740200429503731e-05
500.8738099999982	271.0604209173592	291.5431450905046	0.018549881776843788	-2.7307741150178767e-05
502.8738099999981	271.09276875811474	291.5397581070797	0.018495359434915638	-2.7214227040059334e-05
504.8738099999981	271.1248188809057	291.5363838298728	0.018441023367774367	-2.7121464873915895e-05
506.87380999999806	271.15657060179484	291.5330221520157	0.018386872068832324	-2.7029457421215703e-05
508.873809999998	271.1880232941256	291.5296729665494	0.01833290402610294	-2.6938207311525553e-05
510.87380999999795	271.219176388515	291.52633616643976	0.018279117722481204	-2.684771703395388e-05
512.8738099999979	271.25002937282204	291.5230116445925	0.018225511636024514	-2.675798893708356e-05
514.8738099999979	271.2805817920919	291.5196992938687	0.01817208424023395	-2.6669025228750883e-05
516.8738099999979	271.310833248475	291.5163990071008	0.01811883400433589	-2.658082797589936e-05
518.8738099999978	271.34078340112296	291.5131106771073	0.01806575939356377	-2.6493399104578767e-05
520.8738099999978	271.37043196605964	291.50983419670877	0.018012858869440016	-2.640674039978461e-05
522.8738099999977	271.39977871602855	291.5065694587431	0.017960130890057862	-2.632085350567714e-05
524.8738099999977	271.4288234803169	291.5033163560808	0.017907573910363114	-2.6235739925520135e-05
526.8738099999977	271.45756614455587	291.50007478164054	0.01785518638243573	-2.6151401021852015e-05
528.8738099999975	271.4860066504978	291.49684462840435	0.0178029667557708	-2.6067838016850347e-05
530.8738099999975	271.51414499577044	291.4936257894332	0.017750913477559443	-2.598505199228707e-05
532.8738099999975	271.54198123360857	291.49041815788183	0.017699024992968868	-2.5903043890091386e-05
534.8738099999974	271.56951547256307	291.4872216270141	0.01764729974542199	-2.5821814512515248e-05
536.8738099999974	271.5967478761881	291.4840360902184	0.017595736176876108	-2.574136452269097e-05
538.8738099999973	271.62367866270614	291.4808614410224	0.01754433272810082	-2.5661694444999667e-05
540.8738099999973	271.65030810465174	291.4776975731081	0.017493087838955004	-2.5582804665536805e-05
542.8738099999973	271.6766365284942	291.4745443803269	0.017441999948662638	-2.5504695432822384e-05
544.8738099999972	271.70266431423937	291.47140175671416	0.017391067496087514	-2.542736685825328e-05
546.8738099999972	271.7283918950108	291.46826959650423	0.01734028892000672	-2.535081891681596e-05
548.8738099999972	271.75381975661134	291.4651477941449	0.017289662659382674	-2.5275051447834668e-05
550.8738099999971	271.7789484370642	291.4620362443122	0.017239187153633817	-2.520006415562943e-05
552.8738099999971	271.80377852613543	291.4589348419242	0.01718886084290366	-2.5125856610401584e-05
554.873809999997	271.82831066483755	291.4558434821564	0.017138682168328232	-2.5052428249031987e-05
556.873809999997	271.852545544914	291.45276206045486	0.017088649572301853	-2.4979778375927924e-05
558.873809999997	271.87648390830617	291.4496904725511	0.017038761498740937	-2.4907906164093984e-05
560.8738099999969	271.9001265466025	291.4466286144754	0.016989016393345966	-2.483681065600158e-05
562.8738099999969	271.9234743004704	291.4435763825713	0.01693941270386151	-2.4766490764595032e-05
564.8738099999969	271.94652805907157	291.4405336735086	0.01688994888033406	-2.4696945274474915e-05
566.8738099999968	271.96928875946094	291.4375003842978	0.016840623375367753	-2.4628172842867377e-05
568.8738099999968	271.9917573859697	291.4344764123024	0.01679143464437784	-2.4560172000857562e-05
570.8738099999966	272.0139349695732	291.43146165525314	0.01674238114584179	-2.4492941154560185e-05
572.8738099999966	272.0358225872436	291.4284560112606	0.016693461341547967	-2.4426478586353036e-05
574.8738099999966	272.0574213612886	291.4254593788282	0.01664467369684191	-2.4360782456088946e-05
576.8738099999965	272.0787324586758	291.42247165686507	0.01659601668086988	-2.4295850802506365e-05
578.8738099999965	272.0997570903437	291.41949274469874	0.016547488766819947	-2.423168154444348e-05
580.8738099999965	272.12049651050006	291.41652254208725	0.01649908843216023	-2.4168272482305734e-05
582.8738099999964	272.1409520159077	291.4135609492318	0.01645081415887439	-2.4105621299448145e-05
584.8738099999964	272.1611249451581	291.4106078667888	0.016402664433694307	-2.4043725563603397e-05
586.8738099999963	272.1810166779337	291.4076631958814	0.016354637748329806	-2.398258272835615e-05
588.8738099999963	272.2006286342594	291.4047268381116	0.016306732599695364	-2.3922190134705305e-05
590.8738099999963	272.21996227374336	291.401798695572	0.016258947490133815	-2.3862545012552334e-05
592.8738099999962	272.2390190948083	291.39887867085616	0.01621128092763699	-2.3803644482232165e-05
594.8738099999962	272.2578006339129	291.39596666707104	0.01616373142606311	-2.3745485556201244e-05
596.8738099999962	272.2763084647645	291.3930625878469	0.01611629750535099	-2.368806514062244e-05
598.8738099999961	272.29454419752324	291.3901663373486	0.016068977691730938	-2.363138003700795e-05
600.8738099999961	272.31250947799873	291.3872778202862	0.016021770517932382	-2.3575426943903605e-05
602.873809999996	272.33020598683873	291.3843969419248	0.015974674523388112	-2.3520202458564496e-05
604.873809999996	272.3476354387113	291.3815236080952	0.015927688254434996	-2.346570307876873e-05
606.873809999996	272.36479958148027	291.37865772520365	0.01588081026451131	-2.3411925204483383e-05
608.8738099999958	272.38170019537546	291.3757992002414	0.015834039114350582	-2.335886513962419e-05
610.8738099999958	272.39833909215645	291.3729479407943	0.015787373372171818	-2.3306519093892294e-05
612.8738099999958	272.4147181142724	291.37010385505215	0.01574081161386603	-2.325488318464651e-05
614.8738099999957	272.43083913401665	291.3672668518179	0.01569435242317934	-2.320395343856943e-05
616.8738099999957	272.44670405267834	291.36443684051585	0.015647994391892225	-2.315372579366524e-05
618.8738099999956	272.46231479968924	291.3616137312011	0.015601736119995092	-2.3104196101071912e-05
620.8738099999956	272.4776733317692	291.35879743456746	0.0155555762158602	-2.3055360126883804e-05
622.8738099999956	272.4927816320674	291.35598786195555	0.015509513296409675	-2.300721355417099e-05
624.8738099999955	272.50764170930296	291.35318492536106	0.015463545987279793	-2.2959751984782008e-05
626.8738099999955	272.52225559690316	291.3503885374422	0.015417672922981431	-2.291297094129906e-05
628.8738099999955	272.5366253521406	291.3475986115273	0.015371892747056646	-2.286686586899991e-05
630.8738099999954	272.5507530552702	291.3448150616221	0.015326204112231383	-2.2821432137748817e-05
632.8738099999954	272.5646408086651	291.3420378024167	0.015280605680564273	-2.277666504401883e-05
634.8738099999953	272.5782907359538	291.3392667492922	0.015235096123591568	-2.2732559812749703e-05
636.8738099999953	272.5917049811568	291.3365018183277	0.015189674122468012	-2.2689111599491783e-05
638.8738099999953	272.604885707825	291.3337429263062	0.015144338368103956	-2.26463154921533e-05
640.8738099999952	272.61783509817974	291.3309899907207	0.015099087561298359	-2.260416651318647e-05
642.8738099999952	272.63055535225396	291.3282429297805	0.01505392041286788	-2.2562659621457988e-05
644.8738099999952	272.6430486870363	291.3255016624164	0.01500883564377188	-2.2521789714379936e-05
646.873809999995	272.65531733561744	291.32276610828615	0.014963831985233699	-2.248155162963566e-05
648.873809999995	272.6673635463399	291.32003618778	0.014918908178857573	-2.244194014755068e-05
650.8738099999949	272.67918958195105	291.3173118220248	0.01487406297674189	-2.2402949992731704e-05
652.8738099999949	272.69079771875954	291.3145929328898	0.014829295141588237	-2.2364575836317487e-05
654.8738099999949	272.7021902457969	291.31187944299023	0.014784603446806448	-2.2326812297928132e-05
656.8738099999948	272.71336946398253	291.30917127569177	0.014739986676615831	-2.2289653947516577e-05
658.8738099999948	272.72433768529453	291.3064683551149	0.014695443626142085	-2.225309530765438e-05
660.8738099999948	272.735097231945	291.303770606138	0.01465097310151062	-2.2217130855163898e-05
662.8738099999947	272.74565043556134	291.3010779544018	0.0146065739199355	-2.218175502347338e-05
664.8738099999947	272.75599963637313	291.29839032631173	0.014562244909804659	-2.2146962204352085e-05
666.8738099999946	272.76614718240563	291.2957076490416	0.014517984910761027	-2.2112746750013636e-05
668.8738099999946	272.77609542867896	291.2930298505363	0.01447379277377977	-2.207910297503508e-05
670.8738099999946	272.78584673641507	291.29035685951453	0.014429667361241514	-2.2046025158375327e-05
672.8738099999945	272.7954034722508	291.287688605471	0.014385607547001626	-2.2013507545353823e-05
674.8738099999945	272.8047680074593	291.28502501867854	0.014341612216455675	-2.1981544349491076e-05
676.8738099999945	272.81394271717784	291.28236603019064	0.014297680266600875	-2.1950129754611825e-05
678.8738099999944	272.8229299796447	291.27971157184254	0.014253810606093731	-2.1919257916658518e-05
680.8738099999944	272.83173217544356	291.27706157625295	0.014210002155303719	-2.188892296572316e-05
682.8738099999943	272.8403516867564	291.27441597682537	0.014166253846363145	-2.1859119007925952e-05
684.8738099999943	272.8487908966247	291.27177470774933	0.014122564623213369	-2.182984012719182e-05
686.8738099999943	272.85705218822034	291.269137704001	0.014078933441646844	-2.1801080387449068e-05
688.8738099999941	272.8651379441247	291.26650490134404	0.0140353592693458	-2.1772833834152232e-05
690.8738099999941	272.8730505456173	291.2638762363299	0.013991841085916838	-2.1745094496459925e-05
692.8738099999941	272.88079237197434	291.26125164629804	0.013948377882922067	-2.1717856388836384e-05
694.873809999994	272.88836579977635	291.258631069376	0.013904968663906182	-2.169111351322302e-05
696.873809999994	272.895773202226	291.25601444447943	0.01386161244442042	-2.166485986035138e-05
698.8738099999939	272.9030169484759	291.2534017113113	0.013818308252042357	-2.1639089412105894e-05
700.8738099999939	272.9100994029667	291.25079281036176	0.013775055126392342	-2.1613796142993943e-05
702.8738099999939	272.91702292477567	291.2481876829069	0.01373185211914647	-2.1588974021903826e-05
704.8738099999938	272.92378986697526	291.24558627100805	0.013688698294045575	-2.1564617014201642e-05
706.8738099999938	272.93040257600336	291.24298851751064	0.013645592726901227	-2.1540719083036897e-05
708.8738099999938	272.93686339104323	291.2403943660426	0.013602534505598106	-2.1517274191252437e-05
710.8738099999937	272.94317464341555	291.237803761013	0.013559522730092718	-2.149427630326203e-05
712.8738099999937	272.94933865598074	291.23521664761023	0.013516556512408918	-2.147171938650225e-05
714.8738099999936	272.9553577425527	291.23263297180006	0.013473634976630117	-2.1449597413150407e-05
716.8738099999936	272.9612342073242	291.2300526803236	0.013430757258888034	-2.142790436186395e-05
718.8738099999936	272.96697034430343	291.22747572069466	0.01338792250734825	-2.1406634219318672e-05
720.8738099999935	272.97256843676206	291.22490204119794	0.013345129882192388	-2.1385780981949622e-05
722.8738099999935	272.9780307566951	291.22233159088586	0.013302378555597407	-2.1365338657270202e-05
724.8738099999935	272.98335956429213	291.21976431957586	0.013259667711711437	-2.1345301265732352e-05
726.8738099999933	272.9885571074211	291.2172001778473	0.013216996546626624	-2.132566284211738e-05
728.8738099999933	272.993625621123	291.21463911703876	0.013174364268348827	-2.1306417437145098e-05
730.8738099999932	272.99856732711925	291.2120810892442	0.013131770096764481	-2.1287559118807132e-05
732.8738099999932	273.00338443333044	291.20952604730945	0.013089213263604352	-2.1269081974010553e-05
734.8738099999932	273.00807913340805	291.2069739448293	0.013046693012404357	-2.125098010996522e-05
736.8738099999931	273.01265360627696	291.204424736143	0.013004208598463457	-2.123324765567486e-05
738.8738099999931	273.01711001569134	291.20187837633034	0.012961759288798915	-2.1215878763181796e-05
740.8738099999931	273.0214505098019	291.199334821208	0.012919344362098503	-2.1198867609173185e-05
742.873809999993	273.0256772207358	291.19679402732504	0.012876963108670172	-2.1182208396146783e-05
744.873809999993	273.02979226418836	291.1942559519584	0.012834614830388823	-2.1165895353928942e-05
746.8738099999929	273.0337977390277	291.19172055310844	0.012792298840640762	-2.1149922740709176e-05
748.8738099999929	273.03769572691067	291.1891877894947	0.012750014464265293	-2.1134284844585793e-05
750.8738099999929	273.041488291912	291.1866576205505	0.012707761037493824	-2.1118975984735524e-05
752.8738099999928	273.0451774801649	291.1841300064183	0.012665537907886515	-2.1103990512613626e-05
754.8738099999928	273.0487653195147	291.18160490794475	0.012623344434266487	-2.108932281319429e-05
756.8738099999928	273.05225381918433	291.17908228667517	0.012581179986651599	-2.1074967306159402e-05
758.8738099999927	273.0556449694518	291.1765621048488	0.012539043946184018	-2.1060918446963934e-05
760.8738099999927	273.05894074134034	291.17404432539274	0.0124969357050573	-2.1047170728141426e-05
762.8738099999925	273.0621430863208	291.17152891191694	0.012454854666441502	-2.1033718680167166e-05
764.8738099999925	273.0652539360258	291.16901582870827	0.01241280024440585	-2.1020556872791185e-05
766.8738099999925	273.0682752019764	291.1665050407249	0.01237077186383953	-2.1007679915824987e-05
768.8738099999924	273.07120877532066	291.16399651359046	0.012328768960370167	-2.0995082460443003e-05
770.8738099999924	273.0740565265845	291.1614902135881	0.012286790980280633	-2.0982759199811338e-05
772.8738099999924	273.07682030543435	291.15898610765396	0.01224483738042347	-2.097070487048723e-05
774.8738099999923	273.07950194045213	291.15648416337194	0.012202907628133686	-2.09589142530468e-05
776.8738099999923	273.08210323892143	291.1539843489666	0.012161001201139733	-2.0947382173018707e-05
778.8738099999922	273.08462598662675	291.1514866332974	0.012119117587472493	-2.0936103501941586e-05
780.8738099999922	273.08707194766316	291.1489909858519	0.012077256285372722	-2.0925073158019377e-05
782.8738099999922	273.0894428642592	291.1464973767396	0.012035416803196712	-2.091428610706395e-05
784.8738099999921	273.0917404566096	291.14400577668493	0.011993598659320398	-2.0903737363233175e-05
786.8738099999921	273.0939664227222	291.14151615702104	0.01195180138204173	-2.0893421989923305e-05
788.8738099999921	273.0961224382732	291.13902848968297	0.011910024509481705	-2.0883335100352194e-05
790.873809999992	273.0982101564768	291.13654274720045	0.011868267589483951	-2.0873471858308836e-05
792.873809999992	273.10023120796427	291.1340589026918	0.011826530179512752	-2.0863827478961298e-05
794.8738099999919	273.10218720067536	291.1315769298561	0.011784811846549921	-2.0854397229323986e-05
796.8738099999919	273.10407971976	291.12909680296735	0.011743112166990272	-2.084517642902965e-05
798.8738099999919	273.1059103274923	291.1266184968661	0.011701430726535775	-2.083616045096042e-05
800.8738099999919	273.1076805631942	291.12414198695336	0.011659767120088795	-2.0827344721612623e-05
802.8738099999919	273.1093919431709	291.12166724918313	0.01161812095164404	-2.0818724721819394e-05
804.8738099999917	273.1110459606569	291.1191942600552	0.011576491834179446	-2.0810295987257977e-05
806.8738099999917	273.11264408577233	291.116722996608	0.011534879389546124	-2.080205410884185e-05
808.8738099999917	273.11418776549027	291.11425343641133	0.011493283248357258	-2.0793994733319524e-05
810.8738099999916	273.11567842361467	291.1117855575588	0.011451703049876253	-2.0786113563537738e-05
812.8738099999916	273.11711746076776	291.109319338661	0.011410138441904048	-2.0778406358903083e-05
814.8738099999915	273.1185062543885	291.10685475883787	0.01136858908066548	-2.077086893587514e-05
816.8738099999915	273.1198461587407	291.104391797711	0.011327054630695027	-2.0763497168196305e-05
818.8738099999915	273.12113850493137	291.10193043539687	0.011285534764722044	-2.075628698712621e-05
820.8738099999914	273.1223846009383	291.099470652499	0.011244029163555054	-2.07492343819985e-05
822.8738099999914	273.1235857316481	291.09701243010045	0.011202537515965862	-2.0742335400148036e-05
824.8738099999914	273.12474315890313	291.0945557497567	0.011161059518572831	-2.0735586147475487e-05
826.8738099999913	273.125858121558	291.0921005934879	0.011119594875723973	-2.0728982788385936e-05
828.8738099999913	273.1269318355457	291.08964694377124	0.011078143299379464	-2.0722521546166713e-05
830.8738099999912	273.127965493952	291.08719478353436	0.011036704508994086	-2.07161987029062e-05
832.8738099999912	273.1289602670999	291.08474409614627	0.01099527823139905	-2.0710010599933346e-05
834.8738099999912	273.12991730264173	291.08229486541177	0.010953864200683863	-2.070395363763082e-05
836.8738099999911	273.1308377256606	291.0798470755624	0.010912462158077842	-2.069802427571826e-05
838.8738099999911	273.13172263878045	291.07740071125	0.010871071851831678	-2.0692219033119134e-05
840.8738099999911	273.1325731222835	291.0749557575383	0.010829693037098784	-2.068653448813062e-05
842.873809999991	273.13339023423663	291.07251219989683	0.010788325475816861	-2.068096727822043e-05
844.873809999991	273.13417501062594	291.070070024192	0.010746968936589248	-2.0675514100228718e-05
846.8738099999908	273.13492846549804	291.0676292166808	0.010705623194566364	-2.067017171025854e-05
848.8738099999908	273.13565159111005	291.065189764003	0.010664288031327568	-2.0664936923375747e-05
850.8738099999908	273.1363453580864	291.0627516531737	0.010622963234762979	-2.0659806613741406e-05
852.8738099999907	273.13701071558313	291.060314871576	0.010581648598955643	-2.065477771435547e-05
854.8738099999907	273.13764859145914	291.0578794069543	0.010540343924063788	-2.064984721705728e-05
856.8738099999907	273.1382598924545	291.05544524740617	0.010499049016203783	-2.0645012172041207e-05
858.8738099999906	273.13884550437547	291.05301238137565	0.01045776368733327	-2.0640269687884826e-05
860.8738099999906	273.1394062922856	291.0505807976459	0.010416487755134717	-2.063561693128468e-05
862.8738099999905	273.1399431007037	291.0481504853322	0.010375221042899443	-2.0631051126816505e-05
864.8738099999905	273.14045675380765	291.04572143387475	0.010333963379412387	-2.062656955647568e-05
866.8738099999905	273.14094805564423	291.0432936330315	0.010292714598837141	-2.0622169559668542e-05
868.8738099999904	273.1414177903444	291.0408670728714	0.010251474540601753	-2.0617848532727768e-05
870.8738099999904	273.14186672234473	291.03844174376724	0.010210243049285453	-2.0613603928377045e-05
872.8738099999904	273.1422955966131	291.03601763638875	0.010169019974505615	-2.0609433255804082e-05
874.8738099999903	273.14270513888084	291.03359474169616	0.010127805170805743	-2.0605334079943295e-05
876.8738099999903	273.1430960558786	291.0311730509326	0.010086598497544267	-2.060130402113905e-05
878.8738099999902	273.1434690355772	291.0287525556183	0.010045399818784112	-2.0597340754748372e-05
880.8738099999902	273.1438247474339	291.02633324754333	0.010004209003183082	-2.0593442010732036e-05
882.8738099999902	273.1441638426412	291.0239151187612	0.009963025923885325	-2.0589605573060236e-05
884.87380999999	273.14448695438153	291.0214981615822	0.009921850458413513	-2.0585829279420504e-05
886.87380999999	273.1447946980841	291.01908236856707	0.009880682488562319	-2.0582111020442843e-05
888.87380999999	273.14508767168667	291.01666773252083	0.009839521900292632	-2.0578448739466086e-05
890.8738099999899	273.1453664559001	291.01425424648596	0.009798368583626932	-2.0574840431853488e-05
892.8738099999899	273.14563161447603	291.0118419037364	0.009757222432545894	-2.057128414435329e-05
894.8738099999898	273.1458836944778	291.00943069777156	0.009716083344885832	-2.056777797478746e-05
896.8738099999898	273.1461232265541	291.00702062231	0.009674951222237653	-2.0564320071120675e-05
898.8738099999898	273.14635072521486	291.0046116712834	0.009633825969846714	-2.0560908631158947e-05
900.8738099999897	273.14656668910953	291.00220383883084	0.009592707496514015	-2.055754190179001e-05
902.8738099999897	273.14677160130793	290.9997971192928	0.00955159571449863	-2.0554218178364183e-05
904.8738099999897	273.14696592958194	290.99739150720535	0.009510490539421487	-2.055093580401132e-05
906.8738099999896	273.14715012669024	290.9949869972946	0.009469391890170136	-2.0547693169228032e-05
908.8738099999896	273.14732463066287	290.99258358447105	0.00942829968880543	-2.0544488710690228e-05
910.8738099999895	273.14748986508823	290.99018126382407	0.009387213860469014	-2.054132091113601e-05
912.8738099999895	273.14764623940096	290.98778003061653	0.009346134333292335	-2.053818829840513e-05
914.8738099999895	273.1477941491695	290.9853798802794	0.009305061038307298	-2.053508944460867e-05
916.8738099999894	273.14793397638556	290.98298080840647	0.00926399390935793	-2.0532022965765353e-05
918.8738099999894	273.1480660897531	290.9805828107495	0.009222932883013816	-2.0528987520743805e-05
920.8738099999894	273.1481908449779	290.97818588321263	0.009181877898484753	-2.052598181076932e-05
922.8738099999892	273.1483085850566	290.97579002184796	0.009140828897537057	-2.05230045785068e-05
924.8738099999892	273.1484196405658	290.97339522285046	0.009099785824411316	-2.0520054607379663e-05
926.8738099999891	273.14852432995053	290.97100148255294	0.009058748625741426	-2.051713072098322e-05
928.8738099999891	273.14862295981203	290.96860879742184	0.009017717250475442	-2.051423178201585e-05
930.8738099999891	273.14871582519464	290.96621716405224	0.008976691649797799	-2.0511356691735763e-05
932.873809999989	273.1488032098715	290.96382657916377	0.008935671777053037	-2.0508504389159736e-05
934.873809999989	273.14888538662916	290.96143703959575	0.008894657587671044	-2.0505673850304004e-05
936.873809999989	273.1489626175506	290.9590485423031	0.008853649039094002	-2.0502864087282047e-05
938.8738099999889	273.1490351542962	290.95666108435233	0.00881264609070488	-2.0500074147581755e-05
940.8738099999889	273.14910323838376	290.95427466291716	0.008771648703757145	-2.0497303113520036e-05
942.8738099999888	273.1491671014653	290.9518892752746	0.008730656841306451	-2.049455010108653e-05
944.8738099999888	273.14922696560285	290.94950491880104	0.008689670468143675	-2.0491814259408527e-05
946.8738099999888	273.1492830435408	290.94712159096827	0.008648689550729524	-2.048909476991916e-05
948.8738099999887	273.1493355389763	290.9447392893401	0.008607714057130853	-2.048639084546556e-05
950.8738099999887	273.149384646827	290.9423580115684	0.008566743956958202	-2.0483701729819065e-05
952.8738099999887	273.14943055349505	290.93997775538975	0.008525779221305376	-2.0481026696457917e-05
954.8738099999886	273.1494734371297	290.9375985186217	0.008484819822690145	-2.0478365048216928e-05
956.8738099999886	273.1495134678847	290.93522029916005	0.00844386573499673	-2.0475716116252295e-05
958.8738099999885	273.1495508081739	290.9328430949748	0.008402916933419654	-2.0473079259454e-05
960.8738099999885	273.1495856129231	290.93046690410756	0.008361973394409384	-2.0470453863434722e-05
962.8738099999885	273.14961802981753	290.92809172466815	0.008321035095619225	-2.046783934005161e-05
964.8738099999883	273.1496481995466	290.9257175548319	0.00828010201585392	-2.0465235126439225e-05
966.8738099999883	273.1496762560443	290.92334439283655	0.00823917413501964	-2.0462640684384257e-05
968.8738099999883	273.14970232672545	290.9209722369795	0.008198251434075496	-2.0460055499538068e-05
970.8738099999882	273.1497265327186	290.9186010856149	0.008157333894986397	-2.0457479080787615e-05
972.8738099999882	273.149748989094	290.9162309371517	0.008116421500677793	-2.0454910959177196e-05
974.8738099999881	273.1497698050877	290.91386179004996	0.008075514234991307	-2.0452350687714074e-05
976.8738099999881	273.14978908432164	290.9114936428196	0.008034612082642108	-2.0449797840276623e-05
978.8738099999881	273.1498069250183	290.90912649401713	0.007993715029177676	-2.0447252011025308e-05
980.873809999988	273.149823420212	290.9067603422438	0.007952823060937794	-2.0444712813803808e-05
982.873809999988	273.14983865795494	290.90439518614346	0.0079119361650163	-2.0442179881148722e-05
984.873809999988	273.1498527215188	290.90203102439995	0.007871054329223571	-2.0439652864174802e-05
986.8738099999879	273.14986568959176	290.89966785573563	0.007830177542050967	-2.0437131431269267e-05
988.8738099999879	273.1498776364705	290.8973056789088	0.0077893057926362325	-2.043461526790069e-05
990.8738099999878	273.14988863224767	290.8949444927126	0.0077484390707301554	-2.0432104075873994e-05
992.8738099999878	273.1498987429951	290.89258429597226	0.007707577366664667	-2.0429597572597183e-05
994.8738099999878	273.1499080309405	290.8902250875438	0.007666720671322111	-2.0427095490546137e-05
996.8738099999877	273.1499165546415	290.88786686631283	0.007625868976105667	-2.042459757669455e-05
998.8738099999877	273.14992436915315	290.88550963119195	0.007585022272911131	-2.0422103591791336e-05
1000.8738099999877	273.1499315261914	290.8831533811199	0.0075441805540994965	-2.041961331009188e-05
1002.8738099999875	273.14993807429147	290.8807981150598	0.007503343812471109	-2.0417126518383065e-05
1004.8738099999875	273.1499440589614	290.8784438319979	0.007462512041240615	-2.0414643015773153e-05
1006.8738099999874	273.1499495228305	290.8760905309421	0.007421685234013236	-2.0412162612911503e-05
1008.8738099999874	273.14995450579386	290.8737382109209	0.0073808633847618635	-2.0409685131684476e-05
1010.8738099999874	273.14995904515064	290.87138687098167	0.007340046487805404	-2.04072104045027e-05
1012.8738099999873	273.149963175739	290.86903651018997	0.00729923453778779	-2.0404738274094863e-05
1014.8738099999873	273.1499669300655	290.86668712762815	0.007258427529658627	-2.040226859246814e-05
1016.8738099999873	273.14997033843	290.86433872239456	0.007217625458653692	-2.039980122141127e-05
1018.8738099999872	273.1499734290462	290.8619912936022	0.007176828320277517	-2.0397336030898448e-05
1020.8738099999872	273.14997622815696	290.8596448403781	0.007136036110286203	-2.039487289944077e-05
1022.8738099999871	273.14997876014587	290.8572993618622	0.00709524882467124	-2.0392411713394314e-05
1024.873809999987	273.149981047644	290.85495485720645	0.007054466459644093	-2.038995236661895e-05
1026.873809999987	273.14998311163214	290.8526113255742	0.00701368901162158	-2.0387494760098752e-05
1028.873809999987	273.1499849715392	290.85026876613927	0.006972916477212312	-2.0385038801321895e-05
1030.8738099999869	273.1499866453357	290.84792717808534	0.0069321488532035225	-2.03825844042755e-05
1032.8738099999869	273.1499881496236	290.84558656060517	0.0068913861365488506	-2.038013148880746e-05
1034.8738099999869	273.1499894997226	290.84324691289993	0.006850628324356575	-2.0377679980538454e-05
1036.8738099999869	273.1499907097509	290.8409082341789	0.0068098754138787776	-2.0375229810279294e-05
1038.8738099999869	273.1499917927037	290.83857052365846	0.006769127402500945	-2.0372780913925458e-05
1040.8738099999869	273.14999276052697	290.83623378056166	0.006728384287732466	-2.037033323190086e-05
1042.8738099999866	273.1499936241883	290.8338980041181	0.006687646067197266	-2.0367886709279732e-05
1044.8738099999866	273.14999439374304	290.83156319356306	0.006646912738625459	-2.0365441295055713e-05
1046.8738099999866	273.14999507839804	290.8292293481371	0.006606184299845187	-2.0362996942253288e-05
1048.8738099999866	273.1499956865717	290.82689646708576	0.006565460748775291	-2.0360553607352955e-05
1050.8738099999866	273.14999622595064	290.8245645496593	0.006524742083418131	-2.0358111250395666e-05
1052.8738099999864	273.1499967035432	290.8222335951121	0.006484028301853067	-2.0355669834506893e-05
1054.8738099999864	273.1499971257298	290.81990360270237	0.006443319402230447	-2.0353229325699414e-05
1056.8738099999864	273.14999749831065	290.81757457169203	0.006402615382765838	-2.0350789692801256e-05
1058.8738099999864	273.1499978265507	290.8152465013462	0.006361916241734598	-2.034835090727793e-05
1060.8738099999864	273.1499981152212	290.81291939093313	0.0063212219774673555	-2.0345912942622324e-05
1062.8738099999862	273.1499983686395	290.8105932397237	0.006280532588345016	-2.0343475774943773e-05
1064.8738099999862	273.14999859070565	290.8082680469917	0.00623984807279483	-2.0341039382054726e-05
1066.8738099999862	273.14999878493705	290.80594381201297	0.006199168429286366	-2.03386037438015e-05
1068.8738099999862	273.149998954501	290.8036205340656	0.006158493656327779	-2.0336168841824145e-05
1070.8738099999862	273.14999910224367	290.8012982124298	0.006117823752462645	-2.033373465920405e-05
1072.8738099999862	273.14999923071923	290.7989768463876	0.00607715871626687	-2.033130118054757e-05
1074.873809999986	273.14999934221527	290.79665643522253	0.006036498546345806	-2.0328868391854294e-05
1076.873809999986	273.14999943877643	290.79433697822003	0.005995843241331701	-2.0326436280312226e-05
1078.873809999986	273.1499995222275	290.79201847466675	0.005955192799881263	-2.03240048343018e-05
1080.873809999986	273.1499995941936	290.7897009238508	0.005914547220673533	-2.0321574043188256e-05
1082.873809999986	273.14999965611923	290.7873843250614	0.005873906502407923	-2.031914389727522e-05
1084.8738099999857	273.1499997092858	290.7850686775892	0.005833270643802249	-2.031671438785388e-05
1086.8738099999857	273.14999975482766	290.78275398072554	0.005792639643591203	-2.0314285506865903e-05
1088.8738099999857	273.149999793747	290.7804402337632	0.005752013500524779	-2.0311857247057027e-05
1090.8738099999857	273.1499998269273	290.77812743599554	0.0057113922133669014	-2.0309429601801773e-05
1092.8738099999857	273.14999985514544	290.77581558671693	0.0056707757808943	-2.0307002564982427e-05
1094.8738099999855	273.14999987908357	290.7735046852227	0.0056301642018951065	-2.03045761312454e-05
1096.8738099999855	273.14999989933887	290.7711947308087	0.005589557475168048	-2.03021502954947e-05
1098.8738099999855	273.14999991643305	290.7688857227718	0.005548955599521447	-2.029972505318656e-05
1100.8738099999855	273.1499999308208	290.76657766040944	0.005508358573772372	-2.0297300400155613e-05
1102.8738099999855	273.14999994289735	290.76427054301973	0.005467766396746002	-2.0294876332509074e-05
1104.8738099999855	273.14999995300553	290.7619643699015	0.00542717906727481	-2.029245284680183e-05
1106.8738099999853	273.14999996144184	290.7596591403541	0.005386596584197966	-2.0290029939834697e-05
1108.8738099999853	273.1499999684621	290.75735485367755	0.00534601894636082	-2.028760760864936e-05
1110.8738099999853	273.14999997428646	290.7550515091727	0.005305446152614433	-2.028518585050291e-05
1112.8738099999853	273.1499999791036	290.75274910614047	0.00526487820181509	-2.0282764662910492e-05
1114.8738099999853	273.1499999830751	290.75044764388286	0.005224315092823934	-2.0280344043531747e-05
1116.873809999985	273.14999998633857	290.7481471217022	0.005183756824506556	-2.0277923990244176e-05
1118.873809999985	273.1499999890117	290.74584753890116	0.005143203395732765	-2.0275504500998847e-05
1120.873809999985	273.1499999911937	290.7435488947835	0.005102654805376221	-2.0273085573959144e-05
1122.873809999985	273.14999999296845	290.74125118865294	0.005062111052314207	-2.0270667207375545e-05
1124.873809999985	273.1499999944069	290.73895441981404	0.005021572135427332	-2.0268249399652775e-05
1126.8738099999848	273.1499999955684	290.7366585875718	0.004981038053599609	-2.0265832149073126e-05
1128.8738099999848	273.1499999965028	290.73436369123186	0.004940508805717851	-2.026341545438841e-05
1130.8738099999848	273.14999999725154	290.73206973010036	0.004899984390671688	-2.0260999314182374e-05
1132.8738099999848	273.1499999978491	290.7297767034839	0.00485946480735361	-2.0258583727017492e-05
1134.8738099999848	273.149999998324	290.7274846106896	0.004818950054658684	-2.0256168691676032e-05
1136.8738099999848	273.14999999869985	290.7251934510252	0.00477844013148412	-2.0253754207190473e-05
1138.8738099999846	273.1499999989962	290.7229032237988	0.004737935036729712	-2.0251340272165445e-05
1140.8738099999846	273.1499999992286	290.7206139283195	0.0046974347692974126	-2.024892688562198e-05
1142.8738099999846	273.14999999941017	290.7183255638963	0.004656939328091176	-2.0246514046603538e-05
1144.8738099999846	273.14999999955114	290.7160381298391	0.0046164487120170005	-2.024410175407267e-05
1146.8738099999846	273.14999999966017	290.71375162545837	0.004575962919982952	-2.024169000699317e-05
1148.8738099999844	273.149999999744	290.71146605006504	0.004535481950898883	-2.0239278804539264e-05
1150.8738099999844	273.1499999998083	290.7091814029706	0.004495005803676464	-2.023686814579743e-05
1152.8738099999844	273.14999999985724	290.7068976834871	0.00445453447722919	-2.023445802985088e-05
1154.8738099999844	273.14999999989436	290.70461489092713	0.004414067970472208	-2.0232048455917564e-05
1156.8738099999844	273.1499999999222	290.70233302460394	0.004373606282322132	-2.0229639423311275e-05
1158.8738099999841	273.14999999994313	290.7000520838311	0.004333149411697344	-2.0227230931072026e-05
1160.8738099999841	273.14999999995865	290.69777206792304	0.004292697357517673	-2.0224822978556232e-05
1162.8738099999841	273.1499999999702	290.6954929761946	0.0042522501187043866	-2.022241556504785e-05
1164.8738099999841	273.14999999997866	290.69321480796134	0.004211807694180162	-2.0220008689846832e-05
1166.8738099999841	273.14999999998486	290.6909375625391	0.004171370082868899	-2.0217602352391042e-05
1168.8738099999841	273.14999999998935	290.6886612392445	0.004130937283696128	-2.0215196551762996e-05
1170.873809999984	273.1499999999926	290.6863858373949	0.004090509295588366	-2.0212791287627818e-05
1172.873809999984	273.14999999999486	290.68411135630794	0.004050086117473711	-2.0210386559050938e-05
1174.873809999984	273.14999999999645	290.68183779530204	0.0040096677482810514	-2.0207982365830492e-05
1176.873809999984	273.14999999999765	290.67956515369616	0.003969254186940631	-2.0205578707150716e-05
1178.873809999984	273.14999999999844	290.67729343080987	0.003928845432383849	-2.0203175582481554e-05
1180.8738099999837	273.14999999999895	290.67502262596344	0.0038884414835431676	-2.020077299131514e-05
1182.8738099999837	273.14999999999935	290.67275273847747	0.0038480423393519782	-2.0198370933221535e-05
1184.8738099999837	273.1499999999995	290.67048376767343	0.0038076479987447466	-2.0195969407626823e-05
1186.8738099999837	273.14999999999975	290.66821571287323	0.003767258460656857	-2.019356841410922e-05
1188.8738099999837	273.1499999999998	290.6659485733996	0.0037268737240247107	-2.0191167952137434e-05
1190.8738099999835	273.14999999999986	290.66368234857555	0.0036864937877855953	-2.0188768021300037e-05
1192.8738099999835	273.15	290.66141703772513	0.0036461186508775704	-2.0186368621239726e-05
1194.8738099999835	273.1499999999999	290.6591526401726	0.003605748312239389	-2.0183969751629845e-05
1196.8738099999835	273.14999999999986	290.65688915524316	0.00356538277081099	-2.018157141175395e-05
1198.8738099999835	273.1499999999999	290.65462658226244	0.003525022025532704	-2.0179173601614872e-05
1200.8738099999835	273.15	290.65236492055675	0.003484666075345822	-2.0176776320590082e-05
1202.8738099999832	273.15	290.6501041694532	0.0034443149191923416	-2.0174379568390377e-05
1204.8738099999832	273.1499999999999	290.64784432827906	0.0034039685560147094	-2.017198334485365e-05
1206.8738099999832	273.15000000000003	290.64558539636283	0.003363626984756	-2.0169587649623894e-05
1208.8738099999832	273.15000000000015	290.64332737303323	0.003323290204360306	-2.016719248209333e-05
1210.8738099999832	273.1500000000002	290.64107025761973	0.0032829582137718872	-2.016479784239024e-05
1212.873809999983	273.15000000000003	290.63881404945255	0.0032426310119356913	-2.0162403730042783e-05
1214.873809999983	273.1500000000001	290.6365587478624	0.0032023085977972896	-2.0160010144751792e-05
1216.873809999983	273.1500000000001	290.6343043521807	0.0031619909703026073	-2.0157617086411782e-05
1218.873809999983	273.15000000000003	290.63205086173946	0.003121678128398113	-2.0155224554700426e-05
1220.873809999983	273.1499999999999	290.6297982758715	0.003081370071030612	-2.015283254950193e-05
1222.8738099999828	273.1500000000001	290.62754659391004	0.003041066797147536	-2.0150441070431804e-05
1224.8738099999828	273.1500000000001	290.62529581518925	0.0030007683056965453	-2.0148050117474133e-05
1226.8738099999828	273.1500000000001	290.62304593904366	0.002960474595625605	-2.0145659690457088e-05
1228.8738099999828	273.15000000000015	290.6207969648086	0.0029201856658832618	-2.0143269789022208e-05
1230.8738099999828	273.15000000000015	290.61854889182007	0.0028799015154182634	-2.0140880413163116e-05
1232.8738099999828	273.15	290.6163017194147	0.002839622143179594	-2.0138491562751986e-05
1234.8738099999825	273.14999999999975	290.61405544692974	0.002799347548116514	-2.0136103237642388e-05
1236.8738099999825	273.15	290.6118100737031	0.002759077729178584	-2.0133715437677673e-05
1238.8738099999825	273.14999999999986	290.6095655990736	0.0027188126853155774	-2.013132816277199e-05
1240.8738099999825	273.14999999999986	290.6073220223802	0.0026785524154775407	-2.0128941412776088e-05
1242.8738099999825	273.14999999999986	290.605079342963	0.0026382969186146423	-2.0126555187664976e-05
1244.8738099999823	273.1499999999998	290.6028375601627	0.002598046193677336	-2.0124169487254742e-05
1246.8738099999823	273.14999999999986	290.60059667332035	0.0025578002396160755	-2.012178431161876e-05
1248.8738099999823	273.15000000000015	290.59835668177794	0.00251755905538161	-2.0119399660534646e-05
1250.8738099999823	273.1500000000002	290.5961175848783	0.002477322639924369	-2.0117015534313738e-05
1252.8738099999823	273.15000000000026	290.5938793819643	0.002437090992195422	-2.0114631932399805e-05
1254.873809999982	273.15000000000015	290.59164207238024	0.0023968641111455015	-2.0112248855203622e-05
1256.873809999982	273.15000000000003	290.5894056554706	0.0023566419957256482	-2.010986630240933e-05
1258.873809999982	273.1500000000001	290.5871701305806	0.0023164246448867014	-2.010748427424719e-05
1260.873809999982	273.1499999999999	290.58493549705634	0.002276212057579676	-2.010510277053204e-05
1262.873809999982	273.1499999999999	290.5827017542444	0.002236004232755699	-2.0102721791225982e-05
1264.873809999982	273.14999999999986	290.5804689014921	0.0021958011693655618	-2.010034133660874e-05
1266.8738099999819	273.14999999999964	290.57823693814737	0.002155602866360256	-2.0097961406444992e-05
1268.8738099999819	273.14999999999975	290.57600586355903	0.0021154093226904763	-2.0095582001008452e-05
1270.8738099999819	273.14999999999986	290.57377567707624	0.002075220537307153	-2.0093203120047202e-05
1272.8738099999819	273.15000000000003	290.5715463780492	0.002035036509161114	-2.0090824763698827e-05
1274.8738099999819	273.15000000000015	290.56931796582865	0.001994857237202905	-2.0088446932147166e-05
1276.8738099999816	273.1500000000002	290.56709043976576	0.001954682720382971	-2.0086069625398238e-05
1278.8738099999816	273.1500000000004	290.5648637992128	0.0019145129576515383	-2.008369284359092e-05
1280.8738099999816	273.1500000000001	290.5626380435224	0.001874347947958971	-2.008131658656726e-05
1282.8738099999816	273.1499999999999	290.5604131720481	0.0018341876902552932	-2.0078940854616377e-05
1284.8738099999816	273.14999999999975	290.55818918414394	0.001794032183490376	-2.0076565647768163e-05
1286.8738099999814	273.1499999999999	290.5559660791648	0.0017538814266138555	-2.007419096616136e-05
1288.8738099999814	273.15	290.55374385646616	0.0017137354185753858	-2.0071816809722315e-05
1290.8738099999814	273.1499999999998	290.55152251540426	0.0016735941583241982	-2.0069443178773194e-05
1292.8738099999814	273.14999999999986	290.5493020553357	0.0016334576448090328	-2.006707007357693e-05
1294.8738099999814	273.14999999999986	290.5470824756183	0.0015933258769786464	-2.0064697493998613e-05
1296.8738099999814	273.1499999999999	290.5448637756102	0.001553198853781902	-2.0062325439961738e-05
1298.8738099999812	273.1499999999999	290.5426459546703	0.0015130765741669877	-2.0059953911999675e-05
1300.8738099999812	273.15000000000003	290.54042901215826	0.001472959037081987	-2.0057582910021922e-05
1302.8738099999812	273.15	290.5382129474343	0.0014328462414741235	-2.0055212434647683e-05
1304.8738099999812	273.1500000000001	290.5359977598596	0.001392738186291342	-2.0052842485120144e-05
1306.8738099999812	273.15000000000026	290.53378344879565	0.0013526348704805727	-2.0050473062381503e-05
1308.873809999981	273.15000000000003	290.53157001360483	0.0013125362929885785	-2.0048104166303694e-05
1310.873809999981	273.14999999999947	290.5293574536502	0.0012724424527616749	-2.0045735797178864e-05
1312.873809999981	273.1499999999997	290.52714576829555	0.00123235334874606	-2.0043367954985316e-05
1314.873809999981	273.14999999999935	290.5249349569052	0.0011922689798875062	-2.0041000640011607e-05
1316.873809999981	273.1499999999997	290.52272501884454	0.0011521893451311486	-2.0038633852629895e-05
1318.8738099999807	273.15000000000026	290.5205159534791	0.0011121144434225393	-2.0036267592367545e-05
1320.8738099999807	273.14999999999964	290.51830776017545	0.0010720442737056986	-2.003390186047829e-05
1322.8738099999807	273.15000000000015	290.5161004383009	0.0010319788349251963	-2.0031536656166464e-05
1324.8738099999807	273.14999999999975	290.5138939872231	0.0009919181260249809	-2.0029171980036072e-05
1326.8738099999807	273.15	290.51168840631095	0.0009518621459483912	-2.0026807832388312e-05
1328.8738099999807	273.14999999999964	290.5094836949335	0.0009118108936386099	-2.002444421318859e-05
1330.8738099999805	273.15000000000003	290.5072798524607	0.0008717643680378799	-2.0022081123102226e-05
1332.8738099999805	273.1499999999998	290.5050768782632	0.000831722568088428	-2.001971856190638e-05
1334.8738099999805	273.15000000000003	290.50287477171236	0.0007916854927314834	-2.0017356530345467e-05
1336.8738099999805	273.1499999999997	290.50067353218026	0.0007516531409090526	-2.0014995027587094e-05
1338.8738099999805	273.1499999999998	290.4984731590395	0.0007116255115615515	-2.0012634055018068e-05
1340.8738099999803	273.1499999999997	290.49627365166367	0.0006716026036292654	-2.0010273612339372e-05
1342.8738099999803	273.14999999999964	290.49407500942664	0.0006315844160521576	-2.00079136997592e-05
1344.8738099999803	273.15000000000003	290.4918772317033	0.000591570947769201	-2.0005554317940574e-05
1346.8738099999803	273.14999999999986	290.48968031786916	0.0005515621977194897	-2.0003195466544455e-05
1348.8738099999803	273.1500000000001	290.48748426730043	0.000511558164841308	-2.0000837146208408e-05
1350.87380999998	273.15000000000003	290.4852890793738	0.00047155884807292017	-1.9998479356745423e-05
1352.87380999998	273.1500000000001	290.483094753467	0.000431564246352113	-1.9996122098508465e-05
1354.87380999998	273.14999999999964	290.4809012889581	0.00039157435861430053	-1.9993765373157477e-05
1356.87380999998	273.1499999999998	290.47870868522614	0.0003515891837961526	-1.999140917915783e-05
1358.87380999998	273.1499999999997	290.4765169416507	0.0003116087208333352	-1.9989053517576053e-05
1360.87380999998	273.15000000000015	290.4743260576122	0.0002716329686625882	-1.9986698387355906e-05
1362.8738099999798	273.1499999999999	290.4721360324914	0.00023166192621798683	-1.9984343790764273e-05
1364.8738099999798	273.1499999999999	290.4699468656701	0.00019169559243141594	-1.9981989728777847e-05
1366.8738099999798	273.14999999999947	290.46775855653055	0.00015173396623672922	-1.9979636199372328e-05
1368.8738099999798	273.1500000000001	290.46557110445633	0.00011177704657328932	-1.9977283198908245e-05
1370.8738099999798	273.1499999999997	290.46338450883087	7.182483236985931e-05	-1.9974930736712513e-05
1372.8738099999796	273.15000000000003	290.46119876903856	3.1877322561553165e-05	-1.9972578805372115e-05
1373.8738099999796	273.15000000000015	290.4601062199357	1.1905331552136217e-05	-1.9971403044504895e-05
1374.3738099999798	273.1500000000001	290.4595600255527	1.9197769535559907e-06	-1.9970815259741616e-05
1374.4050599999798	273.1500000000001	290.45952589017844	1.2956895523928405e-06	-1.997077846310672e-05
1374.4206849999796	273.1500000000001	290.45950882256943	9.836462817317868e-07	-1.997076015066965e-05
