#time[s]	ice_avg_T[K]	liquid_avg_T[K]	radius[m]	rdot[m/s]
0.0	0.0	0.0	0.0	0.0
1e-05	257.1513659683084	293.1499183144816	0.04050003968635889	0.003968635888986844
5.000000000000001e-05	257.1535340705193	293.14978471240306	0.04050004884082086	-0.002762957922782068
0.00021	257.157413470862	293.14954750545064	0.040500085101138	0.00022483932807432284
0.00085	257.16493675039885	293.1490919870796	0.040500172918556065	6.568490255447649e-05
0.0034100000000000003	257.1799059391369	293.1481851060595	0.04050034570959646	1.1721927679250837e-05
0.01365	257.2098220452913	293.1463707283417	0.040500684662028164	5.5842820100903045e-06
0.05461000000000001	257.26964868306203	293.1427418207427	0.0405013601619206	3.204395138991132e-06
0.21845000000000003	257.38929559695714	293.13548380778474	0.040502698286833026	1.5077220856746807e-06
0.8738100000000001	257.62857022123	293.12096670821364	0.040505339399888554	7.202206118190349e-07
2.87381	258.01132701588085	293.09776192821374	0.04050957422685078	6.768515841587907e-07
4.873810000000001	258.2479288288419	293.08346534514476	0.04051231420835722	9.962793892736967e-07
6.873810000000001	258.4380531769864	293.0720000838936	0.04051456859370151	1.005793631602253e-06
8.87381	258.6051905004648	293.0619206261705	0.04051652297937596	9.02192919767481e-07
10.873810000000002	258.75645133340777	293.05279646524275	0.04051828473016396	8.327166723875265e-07
12.873810000000002	258.89540272512227	293.04441217335153	0.040519903150159346	7.733772995435381e-07
14.87381	259.0244550557737	293.0366229018748	0.04052140741831689	7.235961193041252e-07
16.87381	259.1453742826322	293.02932269804376	0.040522817962437466	6.818410510446944e-07
18.87381	259.2594856356612	293.0224320531622	0.040524149998931766	6.46391340583145e-07
20.87381	259.3678023463387	293.01589014735856	0.04052541516831341	6.158679126505583e-07
22.87381	259.47111448803435	293.0096495279546	0.040526622551819075	5.892452838406156e-07
24.873809999999995	259.5700501114184	293.00367245295257	0.040527779367081275	5.657655702346017e-07
26.87381	259.66511736355153	292.99792837179916	0.04052889145238843	5.448601648182443e-07
28.87381	259.75673387124147	292.99239216674385	0.040529963606144644	5.260939903716212e-07
30.873810000000002	259.8452476201807	292.98704290214033	0.04053099982791687	5.091278901198528e-07
32.873810000000006	259.93095208980316	292.9818629171159	0.04053200349266765	4.93693120026757e-07
34.873810000000006	260.014097437925	292.97683715459675	0.040532977479138456	4.795736654096392e-07
36.873810000000006	260.0948989148794	292.9719526562538	0.04053392426622068	4.6659369397262385e-07
38.873810000000006	260.17354329671537	292.9671981761762	0.040534846006537645	4.5460846715912177e-07
40.87381000000001	260.2501938762589	292.96256388103575	0.04053574458349257	4.4349763696364823e-07
42.87381000000001	260.32499438678786	292.9580411142978	0.04053662165610799	4.331602228268202e-07
44.87381000000001	260.39807212368794	292.9536222085806	0.040537478694704795	4.2351079376220363e-07
46.87381000000001	260.4695404551484	292.94930033470166	0.04053831700960916	4.144765290693438e-07
48.87381000000002	260.5395008615668	292.94506937903657	0.04053913777448237	4.059949288149369e-07
50.87381000000002	260.60804460720743	292.94092384297403	0.040539942045455295	3.9801201139707675e-07
52.87381000000002	260.675254121868	292.9368587597991	0.0405407307769536	3.904808805052086e-07
54.87381000000002	260.74120415164293	292.932869625457	0.040541504834886895	3.8336057539130305e-07
56.87381000000003	260.80596272417614	292.92895234047086	0.040542265007719056	3.7661514079542804e-07
58.87381000000003	260.8695919636345	292.92510316089545	0.04054301201582117	3.702128685467852e-07
60.87381000000003	260.9321487829991	292.9213186566502	0.040543746519421574	3.6412567477065344e-07
62.87381000000003	260.9936854754874	292.91759567591924	0.0405444691254016	3.5832858491498903e-07
64.87381000000003	261.0542502224818	292.9139313145736	0.04054518039313531	3.527993052778624e-07
66.87381000000003	261.1138875319177	292.91032288977846	0.04054588083953236	3.4751786435339963e-07
68.87381000000003	261.17263861840974	292.9067679171053	0.04054657094341258	3.424663109023037e-07
70.87381000000003	261.2305417342989	292.90326409059736	0.04054725114931733	3.376284585141238e-07
72.87381000000003	261.28763245914087	292.89980926533605	0.040547921870843294	3.329896682834258e-07
74.87381000000003	261.3439439538318	292.89640144213615	0.0405485834935695	3.285366631564931e-07
76.87381000000005	261.3995071845064	292.8930387540597	0.040549236377636244	3.2425736851753014e-07
78.87381000000005	261.45435112048335	292.8897194544916	0.0405498808600248	3.2014077472028586e-07
80.87381000000005	261.5085029098391	292.8864419065626	0.040550517256578475	3.1617681812263906e-07
82.87381000000005	261.56198803561773	292.88320457373686	0.04055114586379985	3.1235627760936923e-07
84.87381000000005	261.61483045522357	292.88000601141187	0.04055176696045271	3.0867068430473584e-07
86.87381000000005	261.66705272514986	292.87684485940116	0.040552380808993656	3.051122424920572e-07
88.87381000000005	261.718676112885	292.8737198351878	0.04055298765685418	3.016737601615179e-07
90.87381000000005	261.7697206975657	292.8706297278557	0.04055358773759123	2.983485876531771e-07
92.87381000000006	261.8202054607262	292.8675733926164	0.040554181271921584	2.9513056349999005e-07
94.87381000000006	261.8701483683064	292.86454974586155	0.04055476846865344	2.920139663083787e-07
96.87381000000006	261.91956644492154	292.86155776068097	0.04055534952552669	2.889934719699878e-07
98.87381000000006	261.9684758412651	292.8585964627935	0.0405559246299718	2.8606411551745625e-07
100.87381000000006	262.0168918954016	292.8556649268455	0.040556493959796186	2.83221257018239e-07
102.87381000000006	262.06482918861025	292.8527622730363	0.040557057683805714	2.8046055104622026e-07
104.87381000000006	262.1123015963566	292.8498876640375	0.04055761596236792	2.7777791927435224e-07
106.87381000000006	262.1593223349002	292.8470403021735	0.040558168947923155	2.7516952587310093e-07
108.87381000000008	262.2059040039836	292.84421942683844	0.040558716785448715	2.726317553617404e-07
110.87381000000008	262.25205862599586	292.84142431212456	0.04055925961288084	2.701611926974663e-07
112.87381000000008	262.2977976819587	292.83865426464195	0.0405597975614986	2.67754605294336e-07
114.87381000000008	262.34313214464345	292.83590862151016	0.04056033075627366	2.6540892685163246e-07
116.87381000000008	262.38807250909144	292.83318674850716	0.040560859316189024	2.6312124275509736e-07
118.87381000000008	262.43262882078295	292.83048803835845	0.04056138335453007	2.6088877694516823e-07
120.87381000000008	262.47681070167056	292.82781190915586	0.04056190297915045	2.587088800233623e-07
122.87381000000008	262.5206273742716	292.8251578028925	0.040562418292715396	2.5657901860831733e-07
124.87381000000009	262.56408768399416	292.8225251841049	0.040562929392924656	2.5449676570677067e-07
126.87381000000009	262.60720011985103	292.81991353861184	0.04056343637271715	2.5245979205290214e-07
128.87381000000008	262.6499728337038	292.8173223723423	0.04056393932045915	2.5046585838103407e-07
130.87381000000008	262.69241365816123	292.81475121024454	0.0405644383201177	2.4851280840388486e-07
132.8738100000001	262.7345301232469	292.81219959527044	0.040564933451420704	2.465985626191591e-07
134.8738100000001	262.7763294719387	292.8096670874271	0.04056542479000526	2.447211126613395e-07
136.8738100000001	262.8178186746728	292.80715326289254	0.04056591240755527	2.4287851636596475e-07
138.8738100000001	262.8590044428962	292.80465771318836	0.04056639637192965	2.410688932855023e-07
140.8738100000001	262.89989324174405	292.8021800444062	0.040566876747282064	2.392904207170264e-07
142.8738100000001	262.94049130191155	292.7997198764835	0.040567353594173176	2.3754133022361813e-07
144.8738100000001	262.9808046307827	292.79727684252447	0.04056782696967618	2.3581990447961353e-07
146.8738100000001	263.0208390228736	292.7948505881631	0.04056829692747655	2.341244745280137e-07
148.8738100000001	263.0606000696423	292.79244077096536	0.04056876351796646	2.3245341733684515e-07
150.8738100000001	263.1000931687134	292.79004705986694	0.04056922678833464	2.308051536566124e-07
152.8738100000001	263.1393235325597	292.78766913464545	0.04056968678265222	2.2917814614183714e-07
154.8738100000001	263.178296196682	292.7853066854222	0.040570143541955005	2.275708976905453e-07
156.8738100000001	263.21701602732264	292.78295941219466	0.04057059710432259	2.259819499928289e-07
158.8738100000001	263.2554877287463	292.780627024394	0.04057104750495485	2.2440988229719258e-07
160.8738100000001	263.2937158501182	292.77830924046896	0.040571494776245935	2.2285331025226706e-07
162.8738100000001	263.3317047920089	292.77600578749286	0.04057193894785627	2.2131088497988238e-07
164.87381000000013	263.3694588125498	292.7737164007915	0.040572380046782694	2.1978129223705443e-07
166.87381000000013	263.40698203326434	292.7714408235926	0.040572818097427056	2.1826325166407432e-07
168.87381000000013	263.44427844459585	292.7691788066936	0.04057325312166338	2.1675551614854285e-07
170.87381000000013	263.4813519111527	292.7669301081471	0.040573685138903824	2.1525687126037815e-07
172.87381000000013	263.5182061766883	292.7646944929633	0.040574114166163674	2.1376613477180506e-07
174.87381000000013	263.55484486883427	292.762471732828	0.04057454021812521	2.122821561941616e-07
176.87381000000013	263.5912715036013	292.7602616058348	0.04057496330720093	2.108038163994316e-07
178.87381000000013	263.62748948966254	292.7580638962315	0.04057538344359583	2.093300272481665e-07
180.87381000000013	263.66350213243373	292.7558783941793	0.04057580063536918	2.0785973129054632e-07
182.87381000000013	263.6993126379612	292.7537048955238	0.040576214888495554	2.063919014376618e-07
184.87381000000013	263.73492411662994	292.75154320157725	0.04057662620692525	2.0492554067863855e-07
186.87381000000013	263.77033958670273	292.7493931189121	0.04057703459264423	2.0345968181522673e-07
188.87381000000013	263.8055619776993	292.74725445916425	0.040577440045733486	2.0199338719969397e-07
190.87381000000013	263.8405941336256	292.7451270388455	0.040577842564427875	2.0052574847279634e-07
192.87381000000013	263.87543881606086	292.7430106791656	0.04057824214517436	1.990558862739172e-07
194.87381000000013	263.9100987071111	292.74090520586174	0.04057863878268989	1.9758295002818582e-07
196.87381000000016	263.94457641223613	292.73881044903703	0.04057903247001858	1.961061176314958e-07
198.87381000000016	263.9788744629564	292.736726243006	0.04057942319858842	1.9462459520196487e-07
200.87381000000013	264.01299531944755	292.73465242614674	0.040579810958267404	1.9313761678035407e-07
202.87381000000013	264.0469413730268	292.7325888407606	0.04058019573741914	1.9164444405465098e-07
204.87381000000013	264.08071494853795	292.7305353329376	0.04058057752295778	1.9014436605093062e-07
206.87381000000013	264.11431830664003	292.72849175242794	0.04058095630040239	1.886366987990713e-07
208.87381000000013	264.1477536460045	292.72645795251924	0.04058133205393067	1.8712078504819478e-07
210.87381000000013	264.18102310542434	292.72443378991926	0.04058170476643195	1.8559599389098156e-07
212.87381000000013	264.2141287658418	292.72241912464347	0.04058207441955962	1.8406172043165168e-07
214.87381000000013	264.2470726522961	292.7204138199072	0.04058244099378275	1.8251738542984575e-07
216.87381000000013	264.27985673579707	292.7184177420234	0.04058280446843702	1.8096243492027667e-07
218.87381000000013	264.3124829351265	292.71643076030324	0.040583164821774896	1.7939633983635174e-07
220.87381000000016	264.3449531185719	292.71445274696214	0.040583522031014986	1.7781859560542175e-07
222.87381000000016	264.3772691055944	292.71248357702865	0.0405838760723907	1.7622872175821922e-07
224.87381000000016	264.40943266843595	292.7105231282579	0.04058422692119796	1.74626261520089e-07
226.87381000000016	264.4414455336654	292.7085712810481	0.04058457455184221	1.7301078136991558e-07
228.87381000000016	264.47330938366906	292.7066279183603	0.04058491893788446	1.7138187062780052e-07
230.87381000000016	264.5050258580866	292.70469292564195	0.04058526005208656	1.697391410113171e-07
232.87381000000016	264.536596555195	292.70276619075224	0.04058559786645551	1.6808222618447283e-07
234.87381000000016	264.56802303324304	292.7008476038921	0.040585932352286934	1.6641078133302815e-07
236.87381000000016	264.59930681173734	292.69893705753515	0.040586263480207656	1.6472448268055872e-07
238.87381000000016	264.6304493726838	292.6970344463627	0.040586591220217294	1.6302302705476294e-07
240.87381000000016	264.66145216178467	292.6951396672002	0.04058691554172905	1.6130613140137916e-07
242.87381000000016	264.6923165895932	292.69325261895676	0.04058723641360942	1.5957353234262276e-07
244.87381000000016	264.72304403262916	292.6913732025665	0.04058755380421713	1.5782498568666745e-07
246.87381000000016	264.75363583445426	292.68950132093255	0.040587867681440994	1.5606026597246984e-07
248.87381000000016	264.7840933067114	292.6876368788722	0.040588178012736974	1.542791660107516e-07
250.87381000000016	264.81441773012756	292.6857797830653	0.040588484765164135	1.5248149638011625e-07
252.87381000000016	264.8446103554827	292.6839299420034	0.04058878790541985	1.5066708500163197e-07
254.8738100000002	264.8746724045455	292.6820872659412	0.04058908739987394	1.488357766325247e-07
256.87381000000016	264.90460507097686	292.6802516668502	0.04058938321460187	1.4698743242707456e-07
258.87381000000016	264.9344095212039	292.67842305837235	0.040589675315417115	1.4512192945117499e-07
260.87381000000016	264.96408689526334	292.67660135577756	0.04058996366790251	1.432391602329004e-07
262.87381000000016	264.99363830761683	292.6747864759209	0.04059024823744074	1.4133903232365317e-07
264.87381000000016	265.02306484793985	292.6729783372018	0.04059052898924389	1.3942146780178462e-07
266.87381000000016	265.052367581883	292.67117685952525	0.04059080588838207	1.3748640284985803e-07
268.87381000000016	265.0815475518086	292.66938196426315	0.04059107889981123	1.3553378731650376e-07
270.8738100000002	265.11060577750294	292.66759357421796	0.04059134798839996	1.3356358425911475e-07
272.8738100000002	265.1395432568646	292.66581161358687	0.040591613118955545	1.3157576950630155e-07
274.8738100000002	265.1683609665707	292.6640360079278	0.04059187425624908	1.2957033124992657e-07
276.8738100000002	265.19705986271975	292.6622666841256	0.04059213136503973	1.2754726960530003e-07
278.8738100000002	265.22564088145555	292.6605035703604	0.04059238441009822	1.2550659620792706e-07
280.8738100000002	265.25410493956883	292.658746596076	0.04059263335622941	1.2344833377428822e-07
282.8738100000002	265.2824529350798	292.6569956919499	0.04059287816829413	1.21372515738808e-07
284.8738100000002	265.31068574780204	292.6552507898639	0.04059311881123014	1.1927918583493168e-07
286.8738100000002	265.33880423988774	292.65351182287617	0.040593355250072405	1.171683976939802e-07
288.8738100000002	265.3668092563549	292.6517787251931	0.04059358744997246	1.1504021447596074e-07
290.8738100000002	265.3947016255982	292.6500514321433	0.04059381537621716	1.1289470851244878e-07
292.8738100000002	265.4224821598824	292.6483298801516	0.040594038994246594	1.1073196090917317e-07
294.8738100000002	265.4501516558207	292.64661400671383	0.04059425826967133	1.0855206119240354e-07
296.8738100000002	265.47771089483695	292.6449037503727	0.04059447316828887	1.0635510697281156e-07
298.8738100000002	265.50516064361335	292.6431990506943	0.04059468365609949	1.0414120357963382e-07
300.8738100000002	265.53250165452357	292.641499848245	0.04059488969932133	1.0191046373492719e-07
302.8738100000002	265.5597346660519	292.6398060845694	0.04059509126440493	9.966300723361166e-08
304.8738100000002	265.58686040319964	292.63811770216876	0.040595288318046915	9.739896059266514e-08
306.8738100000002	265.61387957787684	292.6364346444801	0.04059548082720327	9.511845676309249e-08
308.8738100000002	265.6407928892837	292.6347568558556	0.04059566875910181	9.282163482128977e-08
310.8738100000002	265.66760102427793	292.63308428154306	0.0405958520812542	9.050863965411888e-08
312.8738100000002	265.69430465773127	292.63141686766653	0.04059603076146724	8.817962168420173e-08
314.8738100000002	265.7209044528744	292.6297545612079	0.04059620476785369	8.58347365765481e-08
316.8738100000002	265.7474010616312	292.6280973099883	0.04059637406884247	8.347414497446719e-08
318.8738100000002	265.77379512494167	292.6264450626509	0.04059653863318835	8.109801221766181e-08
320.8738100000002	265.80008727307546	292.6247977686431	0.0405966984299811	7.870650808931542e-08
322.8738100000002	265.8262781259347	292.6231553782005	0.0405968534286541	7.629980656426563e-08
324.8738100000002	265.85236829334775	292.6215178423304	0.040597003598992515	7.387808555760156e-08
326.8738100000002	265.87835837535323	292.61988511279526	0.04059714891114089	7.144152668099716e-08
328.8738100000002	265.9042489624754	292.6182571420984	0.04059728933561039	6.899031502707275e-08
330.8738100000002	265.93004063599057	292.6166338834683	0.04059742484328546	6.652463893553344e-08
332.8738100000003	265.95573396818565	292.61501529084404	0.04059755540543017	6.404468975556914e-08
334.8738100000003	265.9813295226075	292.6134013188611	0.040597680993693985	6.155066168146722e-08
336.8738100000003	266.00682785430536	292.6117919228376	0.04059780158011726	5.9042751502390876e-08
338.8738100000003	266.03222951006546	292.6101870587605	0.04059791713713625	5.65211584220304e-08
340.8738100000003	266.05753502863774	292.6085866832728	0.04059802763758775	5.39860838764811e-08
342.8738100000003	266.0827449409562	292.60699075366017	0.04059813305471333	5.143773131838196e-08
344.8738100000003	266.1078597703517	292.6053992278388	0.04059823336216332	4.8876306087110065e-08
346.8738100000003	266.13288003275835	292.6038120643433	0.04059832853400021	4.6302015177608973e-08
348.8738100000003	266.1578062369136	292.6022292223142	0.04059841854470201	4.371506712637607e-08
350.8738100000003	266.18263888455147	292.60065066148695	0.04059850336916502	4.111567180705662e-08
352.8738100000003	266.2073784705906	292.5990763421801	0.040598582982706424	3.850404030219634e-08
354.8738100000003	266.23202548331574	292.5975062252845	0.04059865736106654	3.5880384744978776e-08
356.8738100000003	266.25658040455374	292.5959402722526	0.04059872648041082	3.3244918172298576e-08
358.8738100000003	266.28104370984437	292.59437844508744	0.040598790317331414	3.059785438156128e-08
360.8738100000003	266.305415868605	292.5928207063327	0.04059884884884869	2.7939407815649702e-08
362.8738100000003	266.3296973442913	292.59126701906274	0.04059890205241231	2.5269793400187126e-08
364.8738100000003	266.3538886489766	292.5897173469554	0.04059894990412651	2.2587894748906522e-08
366.8738100000003	266.37799019041825	292.58817165376047	0.04059899238249724	1.9895849492334257e-08
368.8738100000003	266.4020024010099	292.5866299040818	0.040599029466803896	1.719363730969321e-08
370.8738100000003	266.4259257175755	292.58509206308736	0.040599061136677904	1.448132884130646e-08
372.8738100000003	266.44976057484956	292.5835580964302	0.0405990873720633	1.1759070549697541e-08
374.8738100000003	266.47350740344706	292.58202797022636	0.04059910815324645	9.02704101023209e-09
376.8738100000003	266.4971666292979	292.5805016510472	0.04059912346088526	6.285433323108928e-09
378.8738100000003	266.52073867355386	292.5789791059135	0.04059913327602864	3.534447823455606e-09
380.8738100000003	266.5442239526447	292.57746030228947	0.040599137580127995	7.74288674226903e-10
382.8738100000003	266.5676228783779	292.57594520807646	0.04059913635504395	-1.9948378697868835e-09
384.8738100000003	266.59093585805005	292.57443379160685	0.04059912958304993	-4.7727244973475525e-09
386.8738100000003	266.61416329455744	292.5729260216364	0.040599117246834064	-7.55916339290733e-09
388.8738100000003	266.6373055865048	292.57142186733773	0.04059909932949985	-1.0353946697791554e-08
390.8738100000003	266.66036312831	292.56992129829337	0.04059907581456611	-1.3156866756447e-08
392.8738100000003	266.6833363103056	292.56842428448897	0.0405990466859664	-1.5967716342891553e-08
394.8738100000003	266.70622551883736	292.5669307963063	0.04059901192804807	-1.878628881325083e-08
396.8738100000003	266.72903113635834	292.5654408045169	0.04059897152557092	-2.1612378285117467e-08
398.87381000000033	266.7517535415215	292.5639542802753	0.04059892546370562	-2.4445779692553545e-08
400.87381000000033	266.77439310926843	292.5624711951129	0.040598873728031955	-2.7286288919114223e-08
402.8738100000003	266.7969502718967	292.56099152107026	0.04059881630265401	-3.0135115043324106e-08
404.8738100000002	266.8194253605283	292.55951523002886	0.04059875317377313	-3.299031617587974e-08
406.87381000000016	266.8418187275378	292.5580422945401	0.04059868432835566	-3.5851842883128024e-08
408.87381000000016	266.86413072998823	292.556572687582	0.04059860975376135	-3.8719591348937536e-08
410.8738100000001	266.8863617242503	292.5551063824907	0.04059852943768996	-4.159340497024071e-08
412.87381000000005	266.90851206429693	292.55364335294047	0.04059844336819096	-4.447310640581522e-08
414.87381	266.9305821011979	292.5521835729362	0.04059835153367769	-4.735851020283926e-08
416.87381	266.9525721830066	292.55072701680933	0.04059825392293619	-5.0249427814329325e-08
418.87380999999993	266.9744826547703	292.54927365921293	0.040598150525129294	-5.3145669794759145e-08
420.8738099999999	266.9963138585786	292.5478234751178	0.04059804132979777	-5.604704692010438e-08
422.8738099999998	267.0180661336228	292.5463764398075	0.0405979263268596	-5.8953370740664235e-08
424.8738099999998	267.0397398162569	292.54493252887346	0.04059780550660834	-6.186445390998501e-08
426.87380999999976	267.061335240057	292.54349171821065	0.040597678859710745	-6.478011038090433e-08
428.8738099999997	267.08285273588007	292.5420539840123	0.04059754637720417	-6.77001555355496e-08
430.87380999999965	267.10429263191975	292.54061930276566	0.04059740805049359	-7.062440628977658e-08
432.87380999999965	267.12565525376147	292.53918765124723	0.04059726387134858	-7.355268111292632e-08
434.8738099999996	267.1469409244351	292.5377590065179	0.04059711383190007	-7.648480013552441e-08
436.87380999999954	267.1681499644663	292.53633334591893	0.04059695792463704	-7.942058514349112e-08
438.8738099999995	267.18928269192605	292.5349106470673	0.04059679614240321	-8.235985961711559e-08
440.8738099999995	267.21033942247925	292.5334908878515	0.04059662847839359	-8.530244875557418e-08
442.8738099999994	267.2313204694313	292.53207404642694	0.04059645492615102	-8.824817952248228e-08
444.87380999999937	267.25222614377356	292.5306601012124	0.04059627547956267	-9.119688062649669e-08
446.8738099999993	267.27305675422707	292.5292490308851	0.0405960901328565	-9.414838253917725e-08
448.8738099999993	267.29381260728616	292.52784081437784	0.04059589888059771	-9.710251754860017e-08
450.87380999999925	267.3144940072589	292.52643543087385	0.040595701717685166	-1.0005911971322084e-07
452.8738099999992	267.33510125630823	292.5250328598036	0.040595498639347784	-1.0301802490591478e-07
454.87380999999914	267.3556346544909	292.5236330808409	0.04059528964114091	-1.0597907080430795e-07
456.87380999999914	267.37609449979516	292.52223607389936	0.04059507471894274	-1.0894209690714234e-07
458.8738099999991	267.3964810881781	292.5208418191282	0.04059485386895065	-1.1190694452999064e-07
460.873809999999	267.41679471360123	292.5194502969091	0.04059462708767755	-1.1487345679579729e-07
462.87380999999897	267.4370356680654	292.51806148785255	0.040594394371948284	-1.1784147868006615e-07
464.87380999999897	267.45720424164466	292.5166753727945	0.04059415571889593	-1.208108569528979e-07
466.8738099999989	267.4773007225191	292.5152919327928	0.040593911125958185	-1.2378144022406925e-07
468.87380999999885	267.49732539700665	292.5139111491239	0.040593660590873715	-1.267530789199739e-07
470.8738099999988	267.51727854959455	292.51253300327977	0.04059340411167853	-1.2972562527162787e-07
472.8738099999988	267.537160462969	292.5111574769644	0.040593141686702326	-1.3269893335609658e-07
474.87380999999874	267.5569714180446	292.5097845520909	0.040592873314564876	-1.3567285903340178e-07
476.8738099999987	267.5767116939932	292.50841421077826	0.04059259899417241	-1.3864725998520723e-07
478.8738099999986	267.5963815682713	292.50704643534823	0.040592318724714	-1.4162199569894282e-07
480.8738099999986	267.6159813166468	292.50568120832276	0.04059203250565793	-1.445969274422962e-07
482.87380999999857	267.6355112132257	292.50431851242047	0.0405917403367482	-1.475719182827511e-07
484.8738099999985	267.65497153047716	292.5029583305542	0.040591442218000845	-1.5054683308046144e-07
486.87380999999846	267.6743625392583	292.5016006458279	0.040591138149700466	-1.5352153844872776e-07
488.87380999999846	267.69368450883877	292.5002454415344	0.04059082813239662	-1.5649590278837972e-07
490.8738099999984	267.71293770692336	292.4988927011517	0.04059051216690034	-1.5946979624628561e-07
492.87380999999834	267.7321223996755	292.49754240834136	0.04059019025428063	-1.6244309071847122e-07
494.8738099999983	267.7512388517393	292.49619454694505	0.04058986239586091	-1.654156598559335e-07
496.8738099999983	267.77028732626076	292.49484910098255	0.04058952859321564	-1.683873790211832e-07
498.87380999999823	267.7892680849094	292.4935060546488	0.04058918884816681	-1.713581253061312e-07
500.8738099999982	267.8081813878982	292.49216539231145	0.040588843162780525	-1.7432777751199704e-07
502.8738099999981	267.8270274940036	292.49082709850876	0.040588491539363565	-1.7729621614070503e-07
504.8738099999981	267.8458066605852	292.4894911579468	0.04058813398046008	-1.8026332337392572e-07
506.87380999999806	267.8645191436044	292.48815755549714	0.040587770488848145	-1.8322898307928757e-07
508.873809999998	267.8831651976427	292.4868262761946	0.040587401067536465	-1.8619308077450943e-07
510.87380999999795	267.9017450759199	292.4854973052351	0.040587025719761034	-1.8915550364895694e-07
512.8738099999979	267.9202590303111	292.4841706279732	0.040586644448981885	-1.9211614051039368e-07
514.8738099999979	267.9387073113643	292.48284622991974	0.04058625725887974	-1.9507488181981723e-07
516.8738099999979	267.9570901683162	292.4815240967401	0.040585864153352864	-1.9803161961559464e-07
518.8738099999978	267.9754078491092	292.4802042142518	0.04058546513651382	-2.0098624757225312e-07
520.8738099999978	267.99366060040643	292.47888656842224	0.04058506021268622	-2.0393866093334878e-07
522.8738099999977	268.0118486676074	292.4775711453671	0.04058464938640165	-2.0688875653622073e-07
524.8738099999977	268.029972294863	292.47625793134785	0.040584232662396455	-2.0983643275183113e-07
526.8738099999977	268.0480317250899	292.4749469127699	0.040583810045608695	-2.1278158952141633e-07
528.8738099999975	268.06602719998483	292.47363807618063	0.040583381541175	-2.1572412832035455e-07
530.8738099999975	268.0839589600386	292.47233140826773	0.0405829471544276	-2.1866395213295857e-07
532.8738099999975	268.10182724454944	292.4710268958568	0.04058250689089118	-2.2160096545896346e-07
534.8738099999974	268.1196322916362	292.4697245259098	0.04058206075627999	-2.2453507428281294e-07
536.8738099999974	268.13737433825145	292.4684242855231	0.04058160875649482	-2.2746618608158832e-07
538.8738099999973	268.15505362019377	292.4671261619259	0.04058115089762005	-2.3039420978523894e-07
540.8738099999973	268.1726703721204	292.46583014247796	0.04058068718592075	-2.3331905578476725e-07
542.8738099999973	268.19022482755884	292.46453621466856	0.04058021762783979	-2.3624063589149707e-07
544.8738099999972	268.2077172189187	292.4632443661138	0.04057974222999499	-2.3915886336048837e-07
546.8738099999972	268.2251477775032	292.4619545845561	0.04057926099917629	-2.420736528294948e-07
548.8738099999972	268.24251673352046	292.4606668578615	0.040578773942342904	-2.449849203562403e-07
550.8738099999971	268.25982431609407	292.45938117401835	0.040578281066620626	-2.478925833591005e-07
552.8738099999971	268.277070753274	292.45809752113627	0.040577782379299036	-2.5079656062866596e-07
554.873809999997	268.294256272047	292.45681588744355	0.04057727788782877	-2.536967723049172e-07
556.873809999997	268.3113810983468	292.4555362612864	0.04057676759981887	-2.5659313986235657e-07
558.873809999997	268.32844545706405	292.4542586311269	0.040576251523034096	-2.594855860999562e-07
560.8738099999969	268.3454495720558	292.45298298554195	0.04057572966539234	-2.623740351328254e-07
562.8738099999969	268.3623936661557	292.4517093132213	0.04057520203496197	-2.652584123435996e-07
564.8738099999969	268.3792779611826	292.45043760296636	0.040574668639959274	-2.6813864442757786e-07
566.8738099999968	268.39610267795007	292.4491678436888	0.04057412948874597	-2.710146593120394e-07
568.8738099999968	268.4128680362754	292.447900024409	0.04057358458982657	-2.738863862156779e-07
570.8738099999966	268.429574254988	292.44663413425474	0.04057303395184605	-2.767537555434348e-07
572.8738099999966	268.44622155193827	292.4453701624596	0.04057247758358726	-2.7961669896922555e-07
574.8738099999966	268.4628101440058	292.44410809836205	0.040571915493968526	-2.824751493487194e-07
576.8738099999965	268.47934024710764	292.4428479314035	0.04057134769204129	-2.853290407408045e-07
578.8738099999965	268.4958120762064	292.44158965112763	0.0405707741869877	-2.88178308389716e-07
580.8738099999965	268.5122258453181	292.44033324717867	0.04057019498811825	-2.9102288869153905e-07
582.8738099999964	268.52858176751954	292.43907870930025	0.04056961010486948	-2.9386271921042165e-07
584.8738099999964	268.54488005495676	292.43782602733415	0.040569019546801685	-2.966977386560784e-07
586.8738099999963	268.5611209188514	292.43657519121933	0.040568423323596635	-2.995278868388242e-07
588.8738099999963	268.5773045695085	292.4353261909899	0.04056782144505535	-3.0235310470206086e-07
590.8738099999963	268.5934312163239	292.4340790167749	0.040567213921095864	-3.051733342930249e-07
592.8738099999962	268.60950106779075	292.43283365879665	0.04056660076175107	-3.0798851872657837e-07
594.8738099999962	268.6255143315064	292.43159010736946	0.04056598197716655	-3.107986021947061e-07
596.8738099999962	268.64147121417966	292.43034835289876	0.040565357577598424	-3.1360352996329134e-07
598.8738099999961	268.65737192163664	292.42910838588006	0.04056472757341128	-3.164032483322261e-07
600.8738099999961	268.673216658828	292.42787019689723	0.04056409197507606	-3.191977046298113e-07
602.873809999996	268.6890056298348	292.4266337766223	0.04056345079316801	-3.219868472304026e-07
604.873809999996	268.7047390378749	292.4253991158135	0.04056280403836469	-3.2477062548167376e-07
606.873809999996	268.7204170853093	292.424166205315	0.040562151721443895	-3.275489897571557e-07
608.8738099999958	268.7360399736479	292.42293503605504	0.04056149385328178	-3.303218913857706e-07
610.8738099999958	268.75160790355574	292.42170559904577	0.04056083044485083	-3.330892826918439e-07
612.8738099999958	268.7671210748584	292.4204778853815	0.04056016150721794	-3.358511169336168e-07
614.8738099999957	268.7825796865482	292.4192518862383	0.04055948705154253	-3.3860734834099805e-07
616.8738099999957	268.7979839367897	292.4180275928725	0.04055880708907465	-3.413579320561443e-07
618.8738099999956	268.813334022925	292.41680499661976	0.04055812163115316	-3.4410282415360343e-07
620.8738099999956	268.8286301414794	292.41558408889483	0.04055743068920385	-3.468419816056361e-07
622.8738099999956	268.843872488167	292.4143648611896	0.04055673427473769	-3.495753622977365e-07
624.8738099999955	268.85906125789546	292.4131473050729	0.04055603239934897	-3.523029250005234e-07
626.8738099999955	268.87419664477164	292.41193141218935	0.0405553250747136	-3.5502462933989634e-07
628.8738099999955	268.8892788421066	292.4107171742582	0.040554612312587376	-3.5774043582553654e-07
630.8738099999954	268.9043080424204	292.40950458307293	0.04055389412480423	-3.604503058008182e-07
632.8738099999954	268.9192844374475	292.40829363049994	0.04055317052327457	-3.631542014632128e-07
634.8738099999953	268.93420821814124	292.407084308478	0.04055244151998357	-3.658520858319161e-07
636.8738099999953	268.9490795746788	292.40587660901735	0.04055170712698957	-3.685439227556106e-07
638.8738099999953	268.96389869646623	292.4046705241986	0.04055096735642241	-3.7122967686964456e-07
640.8738099999952	268.97866577214256	292.4034660461722	0.040550222220481866	-3.739093136215644e-07
642.8738099999952	268.99338098958486	292.4022631671574	0.040549471731436026	-3.7658279923915937e-07
644.8738099999952	269.0080445359127	292.4010618794418	0.04054871590161979	-3.792501007209716e-07
646.873809999995	269.02265659749236	292.39986217538006	0.040547954743433264	-3.8191118583476894e-07
648.873809999995	269.03721735994174	292.3986640473936	0.04054718826934028	-3.8456602310750673e-07
650.8738099999949	269.05172700813415	292.3974674879694	0.04054641649186688	-3.872145817951066e-07
652.8738099999949	269.0661857262031	292.39627248965957	0.04054563942359987	-3.8985683190343736e-07
654.8738099999949	269.08059369754636	292.3950790450805	0.04054485707718535	-3.9249274413921425e-07
656.8738099999948	269.09495110482993	292.3938871469121	0.040544069465327244	-3.951222899512906e-07
658.8738099999948	269.1092581299924	292.3926967878971	0.0405432766007859	-3.977454414742555e-07
660.8738099999948	269.1235149542493	292.39150796084016	0.040542478496376745	-4.003621715315928e-07
662.8738099999947	269.1377217580964	292.39032065860755	0.04054167516496883	-4.0297245364792067e-07
664.8738099999947	269.15187872131435	292.389134874126	0.040540866619483515	-4.0557626201186953e-07
666.8738099999946	269.1659860229724	292.3879506003824	0.0405400528728931	-4.08173571476771e-07
668.8738099999946	269.1800438414321	292.3867678304228	0.04053923393821954	-4.107643575608226e-07
670.8738099999946	269.1940523543514	292.3855865573521	0.040538409828533135	-4.1334859641051883e-07
672.8738099999945	269.20801173868836	292.38440677433294	0.04053758055695122	-4.159262648370469e-07
674.8738099999945	269.2219221707047	292.38322847458545	0.040536746136636916	-4.18497340247207e-07
676.8738099999945	269.23578382596986	292.3820516513864	0.04053590658079788	-4.210618007093291e-07
678.8738099999944	269.2495968793642	292.3808762980687	0.04053506190268505	-4.236196248615681e-07
680.8738099999944	269.26336150508325	292.37970240802065	0.04053421211559148	-4.261707919693433e-07
682.8738099999943	269.27707787664065	292.3785299746852	0.040533357232851126	-4.2871528187390197e-07
684.8738099999943	269.29074616687194	292.3773589915597	0.040532497267837635	-4.3125307502829803e-07
686.8738099999943	269.30436654793823	292.3761894521951	0.04053163223396321	-4.337841524426545e-07
688.8738099999941	269.3179391913294	292.3750213501954	0.04053076214467747	-4.363084956990158e-07
690.8738099999941	269.3314642678678	292.37385467921683	0.040529887013466305	-4.388260869370689e-07
692.8738099999941	269.3449419477112	292.3726894329678	0.040529006853850774	-4.4133690885883795e-07
694.873809999994	269.3583724003567	292.3715256052076	0.04052812167938599	-4.438409447108173e-07
696.873809999994	269.37175579464366	292.3703631897467	0.040527231503660055	-4.4633817825395897e-07
698.8738099999939	269.385092298757	292.36920218044537	0.04052633634029299	-4.488285938132464e-07
700.8738099999939	269.3983820802308	292.3680425712138	0.0405254362029357	-4.513121762043972e-07
702.8738099999939	269.41162530595113	292.3668843560111	0.04052453110526889	-4.537889107761686e-07
704.8738099999938	269.4248221421593	292.365727528845	0.04052362106100213	-4.562587833729089e-07
706.8738099999938	269.4379727544554	292.3645720837713	0.04052270608387275	-4.587217803469653e-07
708.8738099999938	269.451077307801	292.3634180148932	0.04052178618764491	-4.6117788853263445e-07
710.8738099999937	269.4641359665222	292.3622653163612	0.040520861386108636	-4.6362709525270077e-07
712.8738099999937	269.4771488943133	292.3611139823719	0.0405199316930788	-4.660693883084774e-07
714.8738099999936	269.4901162542391	292.3599640071681	0.04051899712239422	-4.6850475596963063e-07
716.8738099999936	269.5030382087386	292.3588153850384	0.040518057687916734	-4.7093318696875466e-07
718.8738099999936	269.51591491962745	292.3576681103159	0.040517113403530244	-4.733546704996121e-07
720.8738099999935	269.5287465481011	292.3565221773786	0.040516164283139824	-4.757691961963679e-07
722.8738099999935	269.54153325473794	292.3553775806487	0.04051521034067082	-4.781767541438559e-07
724.8738099999935	269.554275199502	292.35423431459157	0.040514251590068	-4.80577334859317e-07
726.8738099999933	269.5669725417457	292.3530923737162	0.040513288045294665	-4.829709293008076e-07
728.8738099999933	269.57962544021325	292.3519517525741	0.04051231972033178	-4.853575288297545e-07
730.8738099999932	269.59223405304283	292.3508124457588	0.04051134662917716	-4.877371252405065e-07
732.8738099999932	269.60479853776985	292.34967444790607	0.04051036878584464	-4.901097107384334e-07
734.8738099999932	269.6173190513296	292.3485377536929	0.04050938620436323	-4.9247527792002e-07
736.8738099999931	269.62979575006017	292.34740235783704	0.040508398898776374	-4.948338197870054e-07
738.8738099999931	269.6422287897048	292.34626825509696	0.0405074068831411	-4.971853297470652e-07
740.8738099999931	269.65461832541513	292.3451354402713	0.040506410171527236	-4.995298015803266e-07
742.873809999993	269.6669645117536	292.34400390819803	0.04050540877801667	-5.018672294510303e-07
744.873809999993	269.67926750269606	292.34287365375485	0.04050440271670263	-5.041976078877249e-07
746.8738099999929	269.6915274516347	292.34174467185807	0.04050339200168888	-5.065209318074836e-07
748.8738099999929	269.70374451138076	292.34061695746243	0.04050237664708897	-5.088371964900353e-07
750.8738099999929	269.7159188341665	292.33949050556095	0.040501356667025604	-5.111463975552264e-07
752.8738099999928	269.7280505716487	292.3383653111841	0.040500332075629836	-5.134485309835665e-07
754.8738099999928	269.7401398749106	292.3372413693998	0.04049930288704042	-5.157435931106289e-07
756.8738099999928	269.7521868944648	292.3361186753129	0.04049826911540314	-5.180315806096273e-07
758.8738099999927	269.76419178025566	292.3349972240648	0.04049723077487005	-5.203124904947305e-07
760.8738099999927	269.7761546816618	292.333877010833	0.04049618787959889	-5.225863200962416e-07
762.8738099999925	269.7880757474989	292.3327580308308	0.04049514044375239	-5.248530670921779e-07
764.8738099999925	269.79995512602187	292.3316402793071	0.040494088481497596	-5.271127294605137e-07
766.8738099999925	269.8117929649274	292.33052375154574	0.040493032007005325	-5.293653055062545e-07
768.8738099999924	269.8235894113565	292.3294084428653	0.04049197103444944	-5.316107938473037e-07
770.8738099999924	269.8353446118971	292.328294348619	0.04049090557800624	-5.338491934190086e-07
772.8738099999924	269.847058712586	292.3271814641937	0.040489835651853934	-5.360805034303974e-07
774.8738099999923	269.8587318589117	292.32606978501025	0.04048876127017196	-5.383047234078841e-07
776.8738099999923	269.87036419581693	292.3249593065227	0.04048768244714041	-5.405218531654731e-07
778.8738099999922	269.8819558677004	292.32385002421853	0.04048659919693949	-5.427318928009663e-07
780.8738099999922	269.8935070184199	292.32274193361735	0.04048551153374891	-5.449348427096343e-07
782.8738099999922	269.905017791294	292.32163503027164	0.04048441947174731	-5.471307035506102e-07
784.8738099999921	269.91648832910477	292.3205293097656	0.04048332302511177	-5.493194762565374e-07
786.8738099999921	269.92791877410025	292.3194247677155	0.04048222220801719	-5.515011620474686e-07
788.8738099999921	269.93930926799624	292.31832139976876	0.04048111703463581	-5.536757623882951e-07
790.873809999992	269.9506599519791	292.3172192016042	0.04048000751913667	-5.558432790144078e-07
792.873809999992	269.96197096670767	292.31611816893115	0.04047889367568505	-5.58003713925125e-07
794.8738099999919	269.97324245231556	292.3150182974898	0.04047777551844204	-5.601570693574825e-07
796.8738099999919	269.9844745484139	292.3139195830504	0.04047665306156395	-5.623033478144707e-07
798.8738099999919	269.9956673940928	292.3128220214131	0.040475526319201864	-5.644425520407171e-07
800.8738099999919	270.0068211279242	292.31172560840787	0.04047439530550116	-5.665746850030692e-07
802.8738099999919	270.0179358879636	292.3106303398938	0.040473260034601014	-5.686997499324464e-07
804.8738099999917	270.0290118117528	292.3095362117592	0.040472120520633925	-5.708177502782339e-07
806.8738099999917	270.04004903632165	292.3084432199212	0.04047097677772527	-5.729286897196507e-07
808.8738099999917	270.05104769819025	292.3073513603253	0.04046982881999283	-5.750325721679371e-07
810.8738099999916	270.0620079333713	292.3062606289454	0.04046867666154634	-5.771294017557048e-07
812.8738099999916	270.07292987737213	292.3051710217832	0.04046752031648707	-5.792191828275414e-07
814.8738099999915	270.08381366519694	292.3040825348684	0.040466359798907385	-5.813019199494791e-07
816.8738099999915	270.0946594313488	292.3029951642578	0.0404651951228903	-5.8337761788905e-07
818.8738099999915	270.1054673098317	292.3019089060356	0.04046402630250908	-5.854462816446838e-07
820.8738099999914	270.1162374341528	292.30082375631287	0.04046285335182682	-5.875079163912915e-07
822.8738099999914	270.1269699373246	292.2997397112273	0.040461676284896046	-5.895625275157584e-07
824.8738099999914	270.1376649518666	292.29865676694305	0.0404604951157583	-5.916101206204573e-07
826.8738099999913	270.14832260980785	292.29757491965034	0.040459309858443746	-5.936507014714305e-07
828.8738099999913	270.15894304268875	292.2964941655655	0.04045812052697083	-5.956842760490222e-07
830.8738099999912	270.169526381563	292.2954145009304	0.04045692713534585	-5.977108505096128e-07
832.8738099999912	270.18007275699995	292.29433592201224	0.040455729697562594	-5.997304311935422e-07
834.8738099999912	270.1905822990862	292.2932584251038	0.04045452822760198	-6.017430246436737e-07
836.8738099999911	270.20105513742794	292.2921820065223	0.04045332273943172	-6.037486375519464e-07
838.8738099999911	270.21149140115284	292.29110666261016	0.04045211324700589	-6.057472767992226e-07
840.8738099999911	270.221891218912	292.29003238973394	0.0404508997642647	-6.077389494452124e-07
842.873809999991	270.23225471888185	292.2889591842847	0.040449682305134016	-6.097236627076577e-07
844.873809999991	270.2425820287664	292.2878870426774	0.04044846088352515	-6.117014239820546e-07
846.8738099999908	270.25287327579883	292.286815961351	0.04044723551333443	-6.136722408170298e-07
848.8738099999908	270.2631285867437	292.2857459367679	0.04044600620844294	-6.156361209340833e-07
850.8738099999908	270.2733480878987	292.284676965414	0.04044477298271618	-6.175930721967242e-07
852.8738099999907	270.2835319050967	292.28360904379815	0.04044353585000374	-6.195431026431289e-07
854.8738099999907	270.2936801637077	292.28254216845255	0.040442294824139	-6.214862204495612e-07
856.8738099999907	270.30379298864045	292.2814763359318	0.04044104991893881	-6.234224339547623e-07
858.8738099999906	270.3138705043447	292.2804115428131	0.04043980114820324	-6.253517516261505e-07
860.8738099999906	270.3239128348129	292.2793477856962	0.040438548525715254	-6.272741820945406e-07
862.8738099999905	270.33392010358216	292.2782850612028	0.04043729206524044	-6.291897341199847e-07
864.8738099999905	270.3438924337358	292.2772233659764	0.040436031780526675	-6.310984166146632e-07
866.8738099999905	270.3538299479057	292.2761626966827	0.040434767685303935	-6.3300023861724e-07
868.8738099999904	270.3637327682738	292.2751030500084	0.04043349979328393	-6.348952093177286e-07
870.8738099999904	270.37360101657407	292.27404442266186	0.04043222811815992	-6.367833380046139e-07
872.8738099999904	270.3834348140942	292.2729868113725	0.04043095267360641	-6.38664634132705e-07
874.8738099999903	270.3932342816776	292.27193021289077	0.04042967347327888	-6.405391072683897e-07
876.8738099999903	270.4029995397251	292.2708746239878	0.040428390530813575	-6.424067671043284e-07
878.8738099999902	270.4127307081969	292.2698200414554	0.04042710385982721	-6.442676234460797e-07
880.8738099999902	270.42242790661385	292.26876646210553	0.04042581347391675	-6.461216862477742e-07
882.8738099999902	270.43209125405997	292.2677138827708	0.0404245193866592	-6.479689655559139e-07
884.87380999999	270.4417208691838	292.2666623003035	0.04042322161161129	-6.498094715370308e-07
886.87380999999	270.4513168702002	292.265611711576	0.04042192016230934	-6.516432144885203e-07
888.87380999999	270.4608793748919	292.2645621134802	0.04042061505226896	-6.534702047953067e-07
890.8738099999899	270.4704085006117	292.26351350292765	0.04041930629498486	-6.552904529761125e-07
892.8738099999899	270.479904364284	292.2624658768491	0.04041799390393066	-6.571039696268234e-07
894.8738099999898	270.48936708240643	292.2614192321946	0.040416677892558595	-6.589107654939777e-07
896.8738099999898	270.4987967710517	292.2603735659332	0.04041535827429938	-6.607108513941287e-07
898.8738099999898	270.50819354586906	292.2593288750527	0.04041403506256199	-6.625042382384349e-07
900.8738099999897	270.51755752208646	292.2582851565595	0.040412708270733434	-6.642909370711295e-07
902.8738099999897	270.52688881451195	292.25724240747877	0.04041137791217858	-6.660709590034543e-07
904.8738099999897	270.5361875375352	292.2562006248539	0.04041004400023993	-6.678443152705854e-07
906.8738099999896	270.5454538051296	292.25515980574636	0.04040870654823748	-6.696110171748354e-07
908.8738099999896	270.55468773085363	292.2541199472356	0.040407365569468494	-6.713710761268741e-07
910.8738099999895	270.56388942785253	292.25308104641937	0.04040602107720735	-6.731245036143925e-07
912.8738099999895	270.5730590088601	292.2520431004126	0.04040467308470533	-6.748713112281746e-07
914.8738099999895	270.5821965862004	292.2510061063481	0.04040332160519045	-6.766115106545461e-07
916.8738099999894	270.59130227178906	292.2499700613761	0.04040196665186732	-6.783451136258383e-07
918.8738099999894	270.6003761771352	292.2489349626639	0.04040060823791696	-6.800721319902428e-07
920.8738099999894	270.609418413343	292.247900807396	0.0403992463764966	-6.81792577678982e-07
922.8738099999892	270.6184290911134	292.24686759277404	0.040397881080739564	-6.835064626855259e-07
924.8738099999892	270.62740832074513	292.24583531601627	0.04039651236375509	-6.852137990920947e-07
926.8738099999891	270.63635621213746	292.2448039743577	0.04039514023862821	-6.869145990498795e-07
928.8738099999891	270.6452728747906	292.24377356505	0.04039376471841952	-6.886088747984511e-07
930.8738099999891	270.6541584178079	292.2427440853608	0.04039238581616509	-6.902966386420283e-07
932.873809999989	270.6630129498974	292.2417155325746	0.04039100354487636	-6.919779029451364e-07
934.873809999989	270.67183657937346	292.2406879039915	0.04038961791753989	-6.936526801723861e-07
936.873809999989	270.68062941415786	292.23966119692795	0.04038822894711729	-6.953209828265955e-07
938.8738099999889	270.6893915617819	292.238635408716	0.04038683664654511	-6.969828234944463e-07
940.8738099999889	270.6981231293878	292.2376105367037	0.04038544102873461	-6.98638214823445e-07
942.8738099999888	270.70682422372994	292.2365865782542	0.04038404210657174	-7.002871695352209e-07
944.8738099999888	270.7154949511767	292.2355635307467	0.040382639892916926	-7.019297003919533e-07
946.8738099999888	270.7241354177122	292.23454139157525	0.040381234400605	-7.035658202416073e-07
948.8738099999887	270.7327457289372	292.23352015814936	0.04037982564244505	-7.051955419783635e-07
950.8738099999887	270.741325990071	292.23249982789343	0.04037841363122032	-7.068188785550908e-07
952.8738099999887	270.7498763059531	292.231480398247	0.040376998379688084	-7.084358429972426e-07
954.8738099999886	270.75839678104427	292.23046186666426	0.04037557990057952	-7.100464483626358e-07
956.8738099999886	270.7668875194284	292.2294442306142	0.040374158206599634	-7.116507077746349e-07
958.8738099999885	270.7753486248139	292.22842748758023	0.040372733310427115	-7.132486344162986e-07
960.8738099999885	270.78378020053503	292.22741163506055	0.04037130522471425	-7.148402415216477e-07
962.8738099999885	270.7921823495535	292.2263966705673	0.040369873962086814	-7.164255423633784e-07
964.8738099999883	270.8005551744599	292.22538259162707	0.04036843953514396	-7.180045502774391e-07
966.8738099999883	270.80889877747535	292.2243693957804	0.04036700195645817	-7.195772786386605e-07
968.8738099999883	270.8172132604525	292.22335708058205	0.04036556123857508	-7.21143740873549e-07
970.8738099999882	270.82549872487743	292.2223456436005	0.04036411739401344	-7.227039504557547e-07
972.8738099999882	270.8337552718709	292.2213350824178	0.04036267043526502	-7.242579209013915e-07
974.8738099999881	270.8419830021898	292.22032539463	0.040361220374794525	-7.258056657683311e-07
976.8738099999881	270.85018201622853	292.2193165778464	0.04035976722503948	-7.273471986579895e-07
978.8738099999881	270.85835241402043	292.21830862969006	0.04035831099841017	-7.28882533223068e-07
980.873809999988	270.86649429523925	292.21730154779686	0.040356851707289546	-7.304116831402564e-07
982.873809999988	270.8746077592006	292.2162953298163	0.04035538936403315	-7.319346621400385e-07
984.873809999988	270.8826929048633	292.21528997341085	0.040353923980969056	-7.334514839719974e-07
986.8738099999879	270.89074983083054	292.2142854762559	0.040352455570397766	-7.349621624386478e-07
988.8738099999879	270.8987786353518	292.2132818360398	0.04035098414459216	-7.364667113858878e-07
990.8738099999878	270.9067794163236	292.21227905046374	0.04034950971579739	-7.379651446695866e-07
992.8738099999878	270.91475227129143	292.2112771172415	0.04034803229623088	-7.394574761931189e-07
994.8738099999878	270.9226972974508	292.21027603409937	0.04034655189808217	-7.409437199027594e-07
996.8738099999877	270.9306145916486	292.2092757987764	0.040345068533512905	-7.424238897666957e-07
998.8738099999877	270.93850425038477	292.20827640902365	0.040343582214656795	-7.438979997738457e-07
1000.8738099999877	270.9463663698131	292.2072778626048	0.04034209295361949	-7.453660639538816e-07
1002.8738099999875	270.9542010457432	292.20628015729545	0.04034060076247856	-7.468280963760112e-07
1004.8738099999875	270.96200837364137	292.20528329088353	0.040339105653283434	-7.482841111121733e-07
1006.8738099999874	270.9697884486322	292.20428726116876	0.04033760763805535	-7.497341222869219e-07
1008.8738099999874	270.97754136549963	292.2032920659628	0.04033610672878727	-7.511781440342289e-07
1010.8738099999874	270.9852672186886	292.20229770308924	0.040334602937443884	-7.526161905221806e-07
1012.8738099999873	270.9929661023062	292.2013041703832	0.0403330962759615	-7.540482759352742e-07
1014.8738099999873	271.0006381101229	292.2003114656915	0.04033158675624806	-7.554744144896651e-07
1016.8738099999873	271.008283335574	292.1993195868726	0.04033007439018301	-7.568946204252419e-07
1018.8738099999872	271.0159018717608	292.1983285317962	0.04032855918961733	-7.583089079956838e-07
1020.8738099999872	271.02349381145206	292.1973382983435	0.04032704116637347	-7.597172914777087e-07
1022.8738099999871	271.03105924708507	292.1963488844068	0.04032552033224529	-7.611197851681384e-07
1024.873809999987	271.0385982707672	292.19536028788974	0.04032399669899805	-7.625164033916666e-07
1026.873809999987	271.0461109742768	292.1943725067069	0.04032247027836832	-7.639071604812003e-07
1028.873809999987	271.0535974490649	292.193385538784	0.040320941082064014	-7.652920707971028e-07
1030.8738099999869	271.06105778625613	292.19239938205754	0.04031940912176431	-7.66671148701698e-07
1032.8738099999869	271.0684920766503	292.191414034475	0.04031787440911962	-7.680444085954267e-07
1034.8738099999869	271.0759004107231	292.1904294939944	0.040316336955751556	-7.694118648739359e-07
1036.8738099999869	271.08328287862815	292.1894457585845	0.04031479677325293	-7.707735319573312e-07
1038.8738099999869	271.09063957019737	292.1884628262248	0.040313253873187675	-7.721294242780802e-07
1040.8738099999869	271.09797057494313	292.18748069490505	0.04031170826709088	-7.734795562838653e-07
1042.8738099999866	271.10527598205863	292.1864993626256	0.04031015996646871	-7.748239424322818e-07
1044.8738099999866	271.1125558804196	292.1855188273972	0.04030860898279838	-7.761625972003084e-07
1046.8738099999866	271.11981035858554	292.1845390872404	0.040307055327528186	-7.77495535063652e-07
1048.8738099999866	271.1270395048006	292.18356014018656	0.04030549901207744	-7.788227705154028e-07
1050.8738099999866	271.1342434069952	292.18258198427674	0.040303940047836447	-7.801443180570428e-07
1052.8738099999864	271.1414221527869	292.1816046175621	0.04030237844616652	-7.814601921972708e-07
1054.8738099999864	271.1485758294818	292.18062803810375	0.04030081421839991	-7.827704074779057e-07
1056.8738099999864	271.1557045240757	292.1796522439728	0.040299247375839835	-7.840749784037036e-07
1058.8738099999864	271.16280832325515	292.1786772332499	0.04029767792976045	-7.853739195200331e-07
1060.8738099999864	271.1698873133988	292.1777030040258	0.040296105891406836	-7.866672453693599e-07
1062.8738099999862	271.17694158057867	292.17672955440054	0.04029453127199497	-7.879549704971784e-07
1064.8738099999862	271.18397121056097	292.175756882484	0.040292954082711725	-7.892371094680449e-07
1066.8738099999862	271.19097628880746	292.1747849863953	0.04029137433471487	-7.905136768277987e-07
1068.8738099999862	271.19795690047675	292.1738138642633	0.04028979203913306	-7.91784687152726e-07
1070.8738099999862	271.2049131304254	292.172843514226	0.040288207207065795	-7.930501549982028e-07
1072.8738099999862	271.21184506320867	292.1718739344307	0.04028661984958344	-7.943100949485933e-07
1074.873809999986	271.21875278308244	292.17090512303423	0.04028502997772724	-7.955645215649679e-07
1076.873809999986	271.2256363740036	292.1699370782021	0.040283437602509256	-7.968134494368105e-07
1078.873809999986	271.2324959196316	292.1689697981093	0.040281842734912435	-7.980568931194774e-07
1080.873809999986	271.2393315033296	292.16800328093956	0.04028024538589055	-7.992948672138162e-07
1082.873809999986	271.2461432081653	292.16703752488587	0.04027864556636821	-8.005273862804043e-07
1084.8738099999857	271.2529311169123	292.16607252814987	0.04027704328724088	-8.017544649085633e-07
1086.8738099999857	271.25969531205124	292.16510828894206	0.04027543855937486	-8.029761176862279e-07
1088.8738099999857	271.26643587577087	292.16414480548184	0.040273831393607296	-8.04192359171079e-07
1090.8738099999857	271.273152889969	292.163182075997	0.04027222180074618	-8.054032039420726e-07
1092.8738099999857	271.2798464362538	292.16222009872433	0.04027060979157037	-8.066086665818795e-07
1094.8738099999855	271.2865165959448	292.161258871909	0.040268995376829556	-8.078087616581006e-07
1096.8738099999855	271.2931634500742	292.16029839380457	0.04026737856724431	-8.090035037322621e-07
1098.8738099999855	271.29978707938744	292.15933866267324	0.04026575937350605	-8.10192907377195e-07
1100.8738099999855	271.30638756434496	292.15837967678556	0.0402641378062771	-8.113769871558004e-07
1102.8738099999855	271.3129649851228	292.15742143442026	0.040262513876190634	-8.125557576104868e-07
1104.8738099999855	271.31951942161373	292.15646393386453	0.04026088759385074	-8.13729233300953e-07
1106.8738099999853	271.32605095342853	292.15550717341364	0.0402592589698324	-8.148974287831714e-07
1108.8738099999853	271.33255965989696	292.154551151371	0.04025762801468152	-8.160603585846877e-07
1110.8738099999853	271.33904562006876	292.153595866048	0.040255994738914884	-8.172180372492367e-07
1112.8738099999853	271.34550891271476	292.15264131576436	0.04025435915302028	-8.183704792946901e-07
1114.8738099999853	271.35194961632783	292.15168749884737	0.04025272126745641	-8.195176992581875e-07
1116.873809999985	271.35836780912405	292.15073441363256	0.040251081092652935	-8.206597116373848e-07
1118.873809999985	271.364763569044	292.14978205846324	0.040249438639010524	-8.217965309437693e-07
1120.873809999985	271.3711369737531	292.14883043169016	0.04024779391690082	-8.229281716749609e-07
1122.873809999985	271.3774881006433	292.14787953167246	0.04024614693666649	-8.240546483228318e-07
1124.873809999985	271.3838170268339	292.14692935677635	0.04024449770862121	-8.251759753747626e-07
1126.8738099999848	271.3901238291724	292.1459799053761	0.040242846243049725	-8.262921672932712e-07
1128.8738099999848	271.396408584236	292.1450311758532	0.04024119255020785	-8.274032385398919e-07
1130.8738099999848	271.4026713683318	292.1440831665969	0.04023953664032246	-8.285092035669484e-07
1132.8738099999848	271.4089122574989	292.1431358760039	0.04023787852359157	-8.296100768231263e-07
1134.8738099999848	271.41513132750833	292.1421893024782	0.0402362182101843	-8.307058727334447e-07
1136.8738099999848	271.4213286538647	292.1412434444312	0.04023455571024091	-8.317966057193527e-07
1138.8738099999846	271.42750431180707	292.1402983002817	0.04023289103387286	-8.328822901889545e-07
1140.8738099999846	271.43365837631006	292.13935386845566	0.0402312241911628	-8.339629405336866e-07
1142.8738099999846	271.4397909220845	292.13841014738625	0.040229555192164576	-8.350385711486919e-07
1144.8738099999846	271.44590202357864	292.1374671355139	0.040227884046903306	-8.361091963962145e-07
1146.8738099999846	271.45199175497925	292.13652483128595	0.04022621076537536	-8.371748306429339e-07
1148.8738099999844	271.45806019021234	292.13558323315704	0.0402245353575484	-8.38235488233355e-07
1150.8738099999844	271.4641074029443	292.1346423395886	0.040222857833361415	-8.392911834986638e-07
1152.8738099999844	271.4701334665829	292.1337021490491	0.04022117820272474	-8.403419307607892e-07
1154.8738099999844	271.47613845427804	292.13276266001407	0.040219496475520096	-8.413877443205115e-07
1156.8738099999844	271.482122438923	292.1318238709655	0.04021781266160057	-8.424286384766404e-07
1158.8738099999841	271.48808549315527	292.1308857803927	0.04021612677079073	-8.434646275035761e-07
1160.8738099999841	271.4940276893572	292.1299483867914	0.04021443881288656	-8.444957256626883e-07
1162.8738099999841	271.4999490996578	292.1290116886641	0.040212748797655566	-8.455219472060571e-07
1164.8738099999841	271.5058497959327	292.12807568452007	0.04021105673483675	-8.465433063577715e-07
1166.8738099999841	271.5117298498056	292.1271403728751	0.0402093626341407	-8.475598173346162e-07
1168.8738099999841	271.51758933264915	292.12620575225174	0.040207666505249554	-8.485714943423154e-07
1170.873809999984	271.52342831558616	292.12527182117884	0.04020596835781708	-8.495783515617525e-07
1172.873809999984	271.5292468694897	292.12433857819184	0.040204268201468725	-8.505804031561045e-07
1174.873809999984	271.53504506498507	292.12340602183275	0.04020256604580156	-8.515776632847519e-07
1176.873809999984	271.54082297245	292.1224741506498	0.040200861900384396	-8.525701460741278e-07
1178.873809999984	271.54658066201574	292.12154296319767	0.04019915577475783	-8.535578656449972e-07
1180.8738099999837	271.5523182035681	292.12061245803733	0.04019744767843417	-8.545408360970681e-07
1182.8738099999837	271.5580356667485	292.119682633736	0.04019573762089759	-8.555190715144097e-07
1184.8738099999837	271.56373312095417	292.11875348886724	0.04019402561160412	-8.564925859587007e-07
1186.8738099999837	271.5694106353401	292.11782502201066	0.04019231165998167	-8.574613934714331e-07
1188.8738099999837	271.57506827881906	292.1168972317521	0.04019059577543006	-8.584255080816307e-07
1190.8738099999835	271.58070612006304	292.1159701166834	0.040188877967321124	-8.593849438092293e-07
1192.8738099999835	271.5863242275037	292.1150436754026	0.040187158244998626	-8.603397146328581e-07
1194.8738099999835	271.59192266933366	292.11411790651385	0.040185436617778424	-8.61289834525399e-07
1196.8738099999835	271.5975015135072	292.11319280862693	0.04018371309494844	-8.622353174362115e-07
1198.8738099999835	271.6030608277412	292.11226838035776	0.04018198768576871	-8.631761773045271e-07
1200.8738099999835	271.60860067951586	292.11134462032834	0.04018026039947141	-8.64112428043113e-07
1202.8738099999832	271.61412113607577	292.1104215271662	0.040178531245260926	-8.650440835355964e-07
1204.8738099999832	271.61962226443075	292.10949909950483	0.040176800232313875	-8.659711576669271e-07
1206.8738099999832	271.6251041313566	292.10857733598385	0.04017506736977915	-8.668936642835498e-07
1208.8738099999832	271.630566803396	292.1076562352479	0.04017333266677794	-8.67811617218094e-07
1210.8738099999832	271.63601034685956	292.1067357959479	0.040171596132403814	-8.687250302929116e-07
1212.873809999983	271.64143482782646	292.1058160167404	0.04016985777572273	-8.696339172806011e-07
1214.873809999983	271.6468403121453	292.1048968962872	0.04016811760577309	-8.705382919629526e-07
1216.873809999983	271.6522268654351	292.1039784332561	0.04016637563156576	-8.714381680848555e-07
1218.873809999983	271.6575945530861	292.10306062632026	0.040164631862084146	-8.72333559378803e-07
1220.873809999983	271.6629434402604	292.1021434741585	0.04016288630628421	-8.732244795497622e-07
1222.8738099999828	271.6682735918931	292.1012269754549	0.040161138973094514	-8.741109422801813e-07
1224.8738099999828	271.673585072693	292.1003111288992	0.040159389871416304	-8.749929612324801e-07
1226.8738099999828	271.67887794714346	292.0993959331865	0.040157639010123494	-8.758705500541099e-07
1228.8738099999828	271.68415227950305	292.0984813870171	0.04015588639806276	-8.767437223525509e-07
1230.8738099999828	271.6894081338067	292.097567489097	0.04015413204405351	-8.776124917419546e-07
1232.8738099999828	271.6946455738663	292.0966542381372	0.04015237595688807	-8.784768717734705e-07
1234.8738099999825	271.69986466327146	292.0957416328541	0.04015061814533156	-8.793368760247507e-07
1236.8738099999825	271.70506546539065	292.0948296719692	0.04014885861812205	-8.801925180031908e-07
1238.8738099999825	271.7102480433716	292.0939183542095	0.04014709738397059	-8.810438112178066e-07
1240.8738099999825	271.7154124601425	292.0930076783069	0.04014533445156121	-8.81890769170589e-07
1242.8738099999825	271.72055877841234	292.09209764299857	0.040143569829551015	-8.827334053021875e-07
1244.8738099999823	271.7256870606723	292.0911882470267	0.040141803526570215	-8.835717330524734e-07
1246.8738099999823	271.73079736919595	292.0902794891386	0.04014003555122217	-8.844057658412734e-07
1248.8738099999823	271.7358897660405	292.08937136808663	0.040138265912083415	-8.85235517049922e-07
1250.8738099999823	271.74096431304736	292.0884638826281	0.040136494617703765	-8.860610000539002e-07
1252.8738099999823	271.746021071843	292.08755703152536	0.0401347216766063	-8.868822281906252e-07
1254.873809999982	271.7510601038398	292.0866508135457	0.04013294709728743	-8.876992147817587e-07
1256.873809999982	271.75608147023655	292.0857452274613	0.04013117088821699	-8.885119731182336e-07
1258.873809999982	271.7610852320197	292.0848402720492	0.04012939305783822	-8.89320516464218e-07
1260.873809999982	271.76607144996365	292.0839359460913	0.04012761361456787	-8.901248580748222e-07
1262.873809999982	271.7710401846319	292.08303224837425	0.04012583256679618	-8.909250111788332e-07
1264.873809999982	271.77599149637757	292.0821291776897	0.040124049922887005	-8.91720988961229e-07
1266.8738099999819	271.78092544534434	292.0812267328338	0.040122265691177814	-8.925128045958436e-07
1268.8738099999819	271.78584209146703	292.0803249126076	0.04012047987997976	-8.93300471237122e-07
1270.8738099999819	271.7907414944726	292.07942371581686	0.04011869249757774	-8.940840020026409e-07
1272.8738099999819	271.7956237138807	292.07852314127183	0.040116903552230423	-8.948634099901679e-07
1274.8738099999819	271.80048880900443	292.0776231877875	0.040115113052170276	-8.956387082751348e-07
1276.8738099999816	271.8053368389513	292.07672385418357	0.04011332100560368	-8.964099099082194e-07
1278.8738099999816	271.81016786262376	292.075825139284	0.04011152742071094	-8.971770279113767e-07
1280.8738099999816	271.81498193872005	292.0749270419178	0.04010973230564632	-8.979400752761685e-07
1282.8738099999816	271.81977912573484	292.0740295609182	0.04010793566853814	-8.98699064990696e-07
1284.8738099999816	271.82455948196025	292.0731326951227	0.04010613751748876	-8.994540099880693e-07
1286.8738099999814	271.8293230654861	292.0722364433737	0.04010433786057471	-9.00204923192334e-07
1288.8738099999814	271.8340699342011	292.0713408045179	0.040102536705846695	-9.009518175007655e-07
1290.8738099999814	271.8388001457934	292.0704457774062	0.04010073406132965	-9.016947057790371e-07
1292.8738099999814	271.8435137577513	292.06955136089414	0.04009892993502279	-9.024336008844751e-07
1294.8738099999814	271.8482108273639	292.06865755384155	0.04009712433489966	-9.031685156272698e-07
1296.8738099999814	271.8528914117221	292.06776435511244	0.04009531726890822	-9.0389946279663e-07
1298.8738099999812	271.857555567719	292.0668717635754	0.04009350874497086	-9.04626455161842e-07
1300.8738099999812	271.86220335205076	292.0659797781031	0.04009169877098445	-9.053495054697466e-07
1302.8738099999812	271.86683482121737	292.06508839757237	0.04008988735482042	-9.06068626426285e-07
1304.8738099999812	271.87145003152335	292.06419762086455	0.040088074504324785	-9.067838307217648e-07
1306.8738099999812	271.87604903907817	292.06330744686494	0.04008626022731822	-9.074951310143495e-07
1308.873809999981	271.88063189979744	292.06241787446316	0.04008444453159608	-9.08202539955588e-07
1310.873809999981	271.8851986694032	292.06152890255277	0.04008262742492852	-9.089060701384596e-07
1312.873809999981	271.8897494034249	292.0606405300317	0.04008080891506047	-9.096057341535752e-07
1314.873809999981	271.89428415719976	292.05975275580187	0.04007898900971172	-9.103015445491256e-07
1316.873809999981	271.89880298587394	292.0588655787692	0.04007716771657698	-9.109935138683314e-07
1318.8738099999807	271.90330594440286	292.05797899784375	0.040075345043325925	-9.116816546000396e-07
1320.8738099999807	271.90779308755185	292.05709301193957	0.04007352099760327	-9.123659792300929e-07
1322.8738099999807	271.91226446989714	292.0562076199748	0.040071695587028784	-9.130465001967749e-07
1324.8738099999807	271.91672014582645	292.05532282087125	0.04006986881919737	-9.137232299400826e-07
1326.8738099999807	271.9211601695394	292.05443861355513	0.04006804070167912	-9.143961808414697e-07
1328.8738099999807	271.9255845950485	292.05355499695617	0.040066211242019326	-9.150653652797855e-07
1330.8738099999805	271.9299934761796	292.0526719700083	0.04006438044773861	-9.157307955931793e-07
1332.8738099999805	271.93438686657294	292.05178953164904	0.040062548326332915	-9.163924840842879e-07
1334.8738099999805	271.93876481968323	292.05090768082005	0.040060714885273595	-9.170504430608509e-07
1336.8738099999805	271.9431273887809	292.05002641646666	0.040058880132007466	-9.177046847746553e-07
1338.8738099999805	271.9474746269522	292.0491457375381	0.040057044073956806	-9.183552214584003e-07
1340.8738099999803	271.9518065871004	292.0482656429872	0.040055206718519504	-9.190020653161178e-07
1342.8738099999803	271.9561233219462	292.0473861317708	0.04005336807306901	-9.196452285416095e-07
1344.8738099999803	271.9604248840283	292.0465072028492	0.04005152814495449	-9.202847232684822e-07
1346.8738099999803	271.9647113257042	292.04562885518686	0.0400496869415008	-9.209205616363707e-07
1348.8738099999803	271.9689826991507	292.0447510877514	0.0400478444700086	-9.215527557303425e-07
1350.87380999998	271.9732390563648	292.04387389951455	0.04004600073775437	-9.22181317626604e-07
1352.87380999998	271.97748044916403	292.04299728945153	0.04004415575199045	-9.228062593771477e-07
1354.87380999998	271.98170692918734	292.042121256541	0.04004230951994516	-9.234275929839115e-07
1356.87380999998	271.9859185478957	292.0412457997656	0.04004046204882283	-9.240453304352912e-07
1358.87380999998	271.99011535657263	292.04037091811125	0.040038613345803775	-9.246594837019626e-07
1360.87380999998	271.99429740632473	292.03949661056765	0.04003676341804448	-9.252700647102637e-07
1362.8738099999798	271.9984647480828	292.038622876128	0.040034912272677546	-9.258770853670592e-07
1364.8738099999798	272.0026174326019	292.0377497137888	0.04003305991681184	-9.264805575508282e-07
1366.8738099999798	272.00675551046237	292.0368771225504	0.04003120635753246	-9.27080493104289e-07
1368.8738099999798	272.0108790320702	292.03600510141644	0.04002935160190085	-9.27676903862911e-07
1370.8738099999798	272.01498804765765	292.035133649394	0.04002749565695484	-9.282698016130711e-07
1372.8738099999796	272.0190826072843	292.03426276549396	0.04002563852970866	-9.288591981282327e-07
1374.8738099999796	272.02316276083724	292.03339244873	0.040023780227153076	-9.294451051456817e-07
1376.8738099999796	272.0272285580315	292.03252269811964	0.04002192075625538	-9.300275343740341e-07
1378.8738099999796	272.0312800484114	292.0316535126837	0.040020060123959464	-9.306064975105544e-07
1380.8738099999796	272.03531728135033	292.03078489144644	0.040018198337185895	-9.31182006197308e-07
1382.8738099999794	272.03934030605205	292.0299168334353	0.04001633540283195	-9.31754072069549e-07
1384.8738099999794	272.04334917155074	292.02904933768116	0.04001447132777166	-9.323227067306127e-07
1386.8738099999794	272.0473439267121	292.0281824032182	0.040012606118855897	-9.328879217543257e-07
1388.8738099999794	272.0513246202334	292.0273160290837	0.04001073978291239	-9.334497286794447e-07
1390.8738099999794	272.0552913006446	292.02645021431863	0.04000887232674585	-9.340081390398152e-07
1392.8738099999794	272.05924401630875	292.0255849579669	0.04000700375713791	-9.345631643069578e-07
1394.8738099999791	272.06318281542246	292.02472025907565	0.04000513408084732	-9.351148159572661e-07
1396.8738099999791	272.06710774601663	292.0238561166953	0.0400032633046099	-9.356631054199091e-07
1398.8738099999791	272.071018855957	292.02299252987956	0.04000139143513862	-9.362080441079025e-07
1400.8738099999791	272.07491619294467	292.02212949768517	0.039999518479123655	-9.367496433970948e-07
1402.8738099999791	272.07879980451685	292.02126701917206	0.039997644443232484	-9.372879146391847e-07
1404.873809999979	272.08266973804734	292.0204050934034	0.039995769334109886	-9.378228691547875e-07
1406.873809999979	272.0865260407471	292.01954371944544	0.03999389315837802	-9.383545182455348e-07
1408.873809999979	272.0903687596648	292.01868289636747	0.0399920159226365	-9.388828731769713e-07
1410.873809999979	272.0941979416876	292.01782262324184	0.03999013763346241	-9.394079451871157e-07
1412.873809999979	272.0980136335412	292.0169628991442	0.03998825829741038	-9.399297454961392e-07
1414.8738099999787	272.10181588179114	292.01610372315315	0.039986377921012665	-9.404482852842252e-07
1416.8738099999787	272.1056047328429	292.01524509435006	0.03998449651077914	-9.409635757074263e-07
1418.8738099999787	272.10938023294256	292.0143870118198	0.03998261407319745	-9.414756278957162e-07
1420.8738099999787	272.11314242817724	292.0135294746499	0.03998073061473295	-9.419844529488967e-07
1422.8738099999787	272.1168913644761	292.0126724819309	0.03997884614182886	-9.42490061949219e-07
1424.8738099999787	272.1206270876103	292.0118160327564	0.03997696066090625	-9.429924659327252e-07
1426.8738099999784	272.12434964319385	292.01096012622315	0.039975074178364156	-9.434916759208812e-07
1428.8738099999784	272.1280590766845	292.01010476143034	0.039973186700579574	-9.439877029129282e-07
1430.8738099999784	272.13175543338366	292.00924993748055	0.03997129823390757	-9.444805578553281e-07
1432.8738099999784	272.1354387584373	292.0083956534791	0.03996940878468131	-9.449702516984415e-07
1434.8738099999784	272.13910909683665	292.0075419085341	0.03996751835921211	-9.454567953304006e-07
1436.8738099999782	272.14276649341815	292.00668870175673	0.0399656269637895	-9.459401996585658e-07
1438.8738099999782	272.1464109928649	292.0058360322608	0.03996373460468128	-9.46420475510202e-07
1440.8738099999782	272.15004263970627	292.0049838991632	0.03996184128813358	-9.468976337234374e-07
1442.8738099999782	272.1536614783191	292.0041323015835	0.0399599470203709	-9.473716850828376e-07
1444.8738099999782	272.15726755292803	292.00328123864415	0.03995805180759618	-9.478426403704288e-07
1446.873809999978	272.16086090760587	292.00243070947033	0.03995615565599085	-9.483105103224382e-07
1448.873809999978	272.1644415862744	292.00158071319004	0.03995425857171488	-9.487753056423109e-07
1450.873809999978	272.1680096327047	292.0007312489341	0.03995236056090686	-9.49237037028695e-07
1452.873809999978	272.1715650905178	291.9998823158359	0.039950461629684006	-9.496957151343395e-07
1454.873809999978	272.1751080031852	291.99903391303184	0.039948561784142265	-9.50151350586759e-07
1456.873809999978	272.17863841402936	291.9981860396608	0.03994666103035635	-9.50603953999584e-07
1458.8738099999778	272.1821563662242	291.9973386948646	0.0399447593743798	-9.510535359409909e-07
1460.8738099999778	272.1856619027957	291.9964918777875	0.039942856822245	-9.515001069593438e-07
1462.8738099999778	272.1891550666223	291.99564558757646	0.03994095337996331	-9.519436775702491e-07
1464.8738099999778	272.1926359004356	291.99479982338147	0.039939049053525036	-9.523842582783666e-07
1466.8738099999778	272.19610444682064	291.9939545843547	0.03993714384889958	-9.528218595334513e-07
1468.8738099999775	272.19956074821675	291.9931098696513	0.03993523777203538	-9.532564917811143e-07
1470.8738099999775	272.20300484691774	291.9922656784287	0.03993333082886005	-9.536881654396593e-07
1472.8738099999775	272.2064367850724	291.99142200984727	0.03993142302528044	-9.541168908797945e-07
1474.8738099999775	272.20985660468534	291.9905788630698	0.03992951436718262	-9.54542678462209e-07
1476.8738099999775	272.21326434761727	291.9897362372617	0.039927604860432	-9.549655385108819e-07
1478.8738099999773	272.2166600555854	291.98889413159105	0.03992569451087334	-9.553854813373124e-07
1480.8738099999773	272.22004377016424	291.9880525452283	0.039923783324330865	-9.55802517198932e-07
1482.8738099999773	272.22341553278574	291.9872114773465	0.03992187130660822	-9.56216656356613e-07
1484.8738099999773	272.2267753847402	291.9863709271212	0.03991995846348865	-9.56627909017819e-07
1486.8738099999773	272.23012336717636	291.98553089373064	0.03991804480073494	-9.570362853819156e-07
1488.8738099999773	272.23345952110225	291.9846913763552	0.039916130324089555	-9.574417956149337e-07
1490.873809999977	272.2367838873854	291.9838523741783	0.03991421503927465	-9.578444498425269e-07
1492.873809999977	272.24009650675345	291.98301388638527	0.039912298951992095	-9.582442581862103e-07
1494.873809999977	272.24339741979475	291.98217591216417	0.039910382067923626	-9.586412307149467e-07
1496.873809999977	272.24668666695857	291.9813384507056	0.039908464392730804	-9.590353775008806e-07
1498.873809999977	272.249964288556	291.98050150120224	0.0399065459320551	-9.594267085663472e-07
1500.8738099999769	272.25323032475995	291.9796650628497	0.039904626691517994	-9.598152339017335e-07
1502.8738099999769	272.256484815606	291.9788291348455	0.03990270667672096	-9.602009634952144e-07
1504.8738099999769	272.2597278009926	291.9779937163899	0.03990078589324556	-9.605839072900676e-07
1506.8738099999769	272.26295932068194	291.9771588066853	0.03989886434665349	-9.609640752059105e-07
1508.8738099999769	272.26617941430004	291.9763244049367	0.039896942042486616	-9.613414771357108e-07
1510.8738099999766	272.2693881213374	291.97549051035134	0.03989501898626707	-9.617161229444253e-07
1512.8738099999766	272.27258548114935	291.9746571221388	0.03989309518349727	-9.62088022464329e-07
1514.8738099999766	272.27577153295675	291.97382423951115	0.039891170639659974	-9.624571855247093e-07
1516.8738099999766	272.2789463158464	291.9729918616824	0.039889245360218324	-9.62823621910835e-07
1518.8738099999766	272.2821098687711	291.9721599878693	0.03988731935061596	-9.631873413637798e-07
1520.8738099999766	272.2852622305508	291.9713286172907	0.03988539261627701	-9.635483536255966e-07
1522.8738099999764	272.2884034398725	291.97049774916775	0.03988346516260616	-9.639066684040748e-07
1524.8738099999764	272.29153353529114	291.9696673827239	0.039881536994988705	-9.642622953720657e-07
1526.8738099999764	272.2946525552295	291.96883751718497	0.039879608118790634	-9.646152441888355e-07
1528.8738099999764	272.29776053797946	291.96800815177875	0.03987767853935865	-9.649655244755073e-07
1530.8738099999764	272.3008575217017	291.9671792857355	0.039875748262020214	-9.653131458290272e-07
1532.8738099999762	272.3039435444264	291.9663509182876	0.03987381729208364	-9.656581178226572e-07
1534.8738099999762	272.307018644054	291.9655230486698	0.039871885634838095	-9.660004500088298e-07
1536.8738099999762	272.3100828583552	291.964695676119	0.03986995329555372	-9.663401518975108e-07
1538.8738099999762	272.3131362249718	291.9638687998741	0.039868020279481615	-9.666772329825339e-07
1540.8738099999762	272.3161787814168	291.9630424191765	0.03986608659185392	-9.670117027362073e-07
1542.873809999976	272.3192105650752	291.9622165332695	0.039864152237883914	-9.673435705891516e-07
1544.873809999976	272.32223161320405	291.96139114139885	0.03986221722276595	-9.6767284596417e-07
1546.873809999976	272.3252419629332	291.9605662428121	0.039860281551675654	-9.679995382407212e-07
1548.873809999976	272.32824165126567	291.9597418367593	0.03985834522976983	-9.683236567908357e-07
1550.873809999976	272.33123071507805	291.9589179224925	0.039856408262186636	-9.68645210940532e-07
1552.873809999976	272.33420919112103	291.95809449926566	0.03985447065404558	-9.689642099969409e-07
1554.8738099999757	272.3371771160195	291.9572715663351	0.03985253241044756	-9.692806632449922e-07
1556.8738099999757	272.3401345262736	291.9564491229592	0.03985059353647497	-9.695945799393955e-07
1558.8738099999757	272.34308145825855	291.9556271683984	0.039848654037191705	-9.69905969308191e-07
1560.8738099999757	272.34601794822544	291.95480570191535	0.039846713917643196	-9.702148405617758e-07
1562.8738099999757	272.3489440323015	291.95398472277435	0.03984477318285653	-9.705212028732316e-07
1564.8738099999755	272.35185974649073	291.9531642302424	0.039842831837840445	-9.708250653958643e-07
1566.8738099999755	272.354765126674	291.952344223588	0.03984088988758542	-9.711264372545e-07
1568.8738099999755	272.3576602086097	291.9515247020818	0.03983894733706366	-9.714253275584846e-07
1570.8738099999755	272.3605450279341	291.95070566499686	0.03983700419122925	-9.71721745371292e-07
1572.8738099999755	272.363419620162	291.9498871116078	0.039835060455018126	-9.72015699740593e-07
1574.8738099999753	272.36628402068686	291.94906904119136	0.03983311613334816	-9.723071996954845e-07
1576.8738099999753	272.36913826478104	291.9482514530266	0.0398311712311192	-9.725962542292757e-07
1578.8738099999753	272.37198238759686	291.947434346394	0.03982922575321313	-9.72882872317617e-07
1580.8738099999753	272.37481642416634	291.94661772057657	0.0398272797044939	-9.731670628995234e-07
1582.8738099999753	272.37764040940215	291.945801574859	0.039825333089807624	-9.734488348963747e-07
1584.8738099999753	272.38045437809774	291.944985908528	0.03982338591398258	-9.737281972149653e-07
1586.873809999975	272.38325836492777	291.9441707208722	0.0398214381818293	-9.74005158702354e-07
1588.873809999975	272.3860524044483	291.94335601118223	0.039819489898140575	-9.742797282249947e-07
1590.873809999975	272.38883653109804	291.9425417787506	0.03981754106769155	-9.745519145825736e-07
1592.873809999975	272.3916107791976	291.9417280228718	0.03981559169523978	-9.748217265751898e-07
1594.873809999975	272.3943751829508	291.9409147428423	0.03981364178552523	-9.75089172967292e-07
1596.8738099999748	272.3971297764446	291.9401019379603	0.03981169134327037	-9.753542625079327e-07
1598.8738099999748	272.3998745936497	291.939289607526	0.03980974037318021	-9.756170039030453e-07
1600.0000112618998	272.4014159096121	291.93883239233764	0.039808641549797484	-9.757639229109223e-07
