#time[s]	ice_avg_T[K]	liquid_avg_T[K]	radius[m]	rdot[m/s]
0.0	0.0	0.0	0.0	0.0
1e-05	273.15	293.1499072253689	0.040499746372848894	-0.025362715110841105
5.000000000000001e-05	273.1500000000001	293.14976852366283	0.040499310974782765	0.0006972591123237127
0.00021	273.1500000000005	293.149532229354	0.040498588075402	0.0005753432888137248
0.00085	273.150000000001	293.1490718533598	0.04049718546657648	-0.00033034041798554845
0.0034100000000000003	273.15000000000214	293.14814209426686	0.040494355861715625	-0.00023630488590182128
0.01365	273.1500000000044	293.146276008214	0.040488682696823854	-0.00011298449711699369
0.05461000000000001	273.1500000000085	293.1425448033297	0.04047735039425176	-5.4785570705908846e-05
0.21845000000000003	273.1500000000159	293.13508586548136	0.04045471568038937	-2.733835889661422e-05
0.8738100000000001	273.1500000000287	293.1201716520519	0.04040948967361363	-1.3695873774326636e-05
2.87381	273.15000000004505	293.09605869668	0.04033643340107398	-1.2063450891431093e-05
4.873810000000001	273.15000000004983	293.0805362534093	0.0402894714039565	-1.6957429703194665e-05
6.873810000000001	273.15000000005097	293.06773280243243	0.04025070423218254	-1.733487955110303e-05
8.87381	273.1500000000509	293.05639811466443	0.04021634375355648	-1.607856602605806e-05
10.873810000000002	273.1500000000505	293.04615406588925	0.04018528147279755	-1.4706590912684316e-05
12.873810000000002	273.15000000005006	293.03677435458155	0.04015684186594646	-1.3564134948577526e-05
14.87381	273.1500000000496	293.0280899855387	0.0401305125086161	-1.2637116285000171e-05
16.87381	273.15000000004915	293.0199735509405	0.0401059058269006	-1.187267195403319e-05
18.87381	273.15000000004875	293.01232940171127	0.04008273091762183	-1.122951153020789e-05
20.87381	273.15000000004835	293.0050849801545	0.04006076728824077	-1.0678994716097223e-05
22.87381	273.15000000004795	292.9981842138004	0.04003984466539191	-1.0201059791371875e-05
24.873809999999995	273.1500000000476	292.99158287904834	0.040019828830659125	-9.78122033738103e-06
26.87381	273.15000000004727	292.98524542559153	0.040000611935064205	-9.408713012994054e-06
28.87381	273.15000000004693	292.97914278769315	0.039982105832798695	-9.075352800399602e-06
30.873810000000002	273.15000000004665	292.9732508490365	0.039964237409696714	-8.774791760107571e-06
32.873810000000006	273.1500000000463	292.96754934229244	0.039946945236737925	-8.502023943595466e-06
34.873810000000006	273.150000000046	292.96202104330166	0.03993017712066207	-8.253043817195791e-06
36.873810000000006	273.15000000004574	292.95665116933736	0.03991388827562061	-8.024604762131398e-06
38.873810000000006	273.15000000004545	292.95142692181884	0.03989803993419005	-7.814044812558852e-06
40.87381000000001	273.15000000004517	292.9463371333204	0.03988259827550195	-7.619158658428036e-06
42.87381000000001	273.15000000004494	292.94137199125913	0.03986753358642998	-7.438102131953377e-06
44.87381000000001	273.15000000004466	292.9365228188705	0.03985281959685876	-7.269319910422413e-06
46.87381000000001	273.15000000004443	292.93178189962043	0.0398384329468975	-7.111490078146213e-06
48.87381000000002	273.1500000000442	292.9271423349834	0.03982435275543071	-6.963481109774189e-06
50.87381000000002	273.1500000000439	292.9225979281641	0.03981056026743896	-6.824318127111573e-06
52.87381000000002	273.1500000000437	292.9181430882107	0.039797038563222774	-6.693156164202739e-06
54.87381000000002	273.15000000004346	292.91377275031925	0.03978377231676592	-6.569258788593048e-06
56.87381000000003	273.15000000004324	292.9094823091121	0.03977074759346842	-6.45198085890404e-06
58.87381000000003	273.15000000004306	292.9052675624021	0.039757951679692434	-6.34075450762069e-06
60.87381000000003	273.1500000000428	292.9011246634989	0.03974537293821857	-6.235077661395392e-06
62.87381000000003	273.15000000004255	292.8970500805242	0.03973300068496121	-6.134504574561013e-06
64.87381000000003	273.1500000000424	292.89304056151843	0.03972082508324566	-6.038637972320145e-06
66.87381000000003	273.15000000004216	292.88909310436327	0.039708837052686366	-5.947122490579989e-06
68.87381000000003	273.1500000000419	292.8852049307319	0.03969702819027681	-5.859639167344447e-06
70.87381000000003	273.15000000004176	292.88137346342774	0.03968539070175044	-5.7759007923856824e-06
72.87381000000003	273.15000000004153	292.8775963065883	0.0396739173416258	-5.6956479618895455e-06
74.87381000000003	273.15000000004136	292.8738712283243	0.03966260136063058	-5.618645715256974e-06
76.87381000000005	273.15000000004113	292.8701961454367	0.03965143645942502	-5.54468065536296e-06
78.87381000000005	273.15000000004096	292.8665691099175	0.03964041674772663	-5.473558472402767e-06
80.87381000000005	273.15000000004073	292.86298829698484	0.039629536708085646	-5.405101806137265e-06
82.87381000000005	273.15000000004056	292.8594519944451	0.03961879116368086	-5.3391483933399846e-06
84.87381000000005	273.1500000000404	292.8559585932074	0.03960817524960384	-5.275549456573125e-06
86.87381000000005	273.15000000004017	292.8525065788002	0.03959768438718075	-5.214168298067132e-06
88.87381000000005	273.15000000004	292.8490945237649	0.0395873142609484	-5.154879068481471e-06
90.87381000000005	273.1500000000398	292.8457210808169	0.039577060797956816	-5.0975656856008556e-06
92.87381000000006	273.15000000003965	292.84238497668275	0.039566920149117335	-5.042120881713422e-06
94.87381000000006	273.1500000000395	292.8390850065336	0.03955688867235476	-4.988445362062669e-06
96.87381000000006	273.15000000003926	292.8358200289436	0.03954696291735471	-4.936447059392843e-06
98.87381000000006	273.1500000000391	292.83258896131804	0.03953713961172556	-4.88604047185251e-06
100.87381000000006	273.1500000000389	292.82939077573474	0.03952741564841783	-4.837146073507522e-06
102.87381000000006	273.15000000003874	292.8262244951567	0.03951778807426426	-4.78968978824779e-06
104.87381000000006	273.1500000000386	292.82308918997546	0.03950825407952089	-4.743602519133199e-06
106.87381000000006	273.1500000000384	292.8199839748498	0.039498810988304434	-4.698819726491715e-06
108.87381000000008	273.15000000003823	292.8169080058114	0.03948945624983381	-4.655281048853298e-06
110.87381000000008	273.15000000003806	292.81386047760776	0.03948018743039467	-4.612929961702195e-06
112.87381000000008	273.15000000003795	292.81084062126195	0.03947100220595539	-4.571713469672674e-06
114.87381000000008	273.1500000000378	292.80784770182544	0.03946189835537115	-4.531581828358559e-06
116.87381000000008	273.1500000000376	292.8048810163077	0.03945287375411978	-4.49248829246648e-06
118.87381000000008	273.15000000003744	292.80193989176394	0.03944392636851947	-4.4543888873975965e-06
120.87381000000008	273.15000000003727	292.7990236835284	0.03943505425038372	-4.417242201734305e-06
122.87381000000008	273.15000000003715	292.7961317735782	0.039426255532073975	-4.381009198366306e-06
124.87381000000009	273.150000000037	292.79326356901777	0.03941752842191422	-4.34565304238522e-06
126.87381000000009	273.1500000000368	292.790418500671	0.039408871199935705	-4.311138943946596e-06
128.87381000000008	273.1500000000366	292.7875960217751	0.039400282213923304	-4.277434014670329e-06
130.87381000000008	273.1500000000365	292.7847956067628	0.03939175987573774	-4.244507136078015e-06
132.8738100000001	273.15000000003636	292.78201675013173	0.03938330265789044	-4.212328839085427e-06
134.8738100000001	273.1500000000362	292.7792589653866	0.03937490909035028	-4.180871193294869e-06
136.8738100000001	273.1500000000361	292.7765217840549	0.03936657775756322	-4.1501077052557105e-06
138.8738100000001	273.1500000000359	292.77380475476537	0.03935830729566773	-4.120013224854468e-06
140.8738100000001	273.1500000000358	292.77110744238684	0.03935009638989058	-4.090563858984861e-06
142.8738100000001	273.1500000000356	292.76842942722226	0.0393419437721089	-4.061736891974609e-06
144.8738100000001	273.1500000000355	292.76577030425256	0.039333848218565656	-4.033510712018143e-06
146.8738100000001	273.15000000003533	292.7631296824287	0.03932580854772698	-4.0058647431885205e-06
148.8738100000001	273.1500000000352	292.7605071840058	0.03931782361827078	-3.978779382491791e-06
150.8738100000001	273.15000000003505	292.75790244391857	0.039309892327196706	-3.952235941498639e-06
152.8738100000001	273.15000000003494	292.75531510919285	0.039302013608049025	-3.926216592246141e-06
154.8738100000001	273.15000000003477	292.75274483839286	0.03929418642924384	-3.900704316968922e-06
156.8738100000001	273.15000000003465	292.75019130109985	0.0392864097924936	-3.875682861380713e-06
158.8738100000001	273.1500000000345	292.74765417742094	0.03927868273132192	-3.851136691200348e-06
160.8738100000001	273.15000000003437	292.74513315752563	0.03927100430966245	-3.827050951691408e-06
162.8738100000001	273.1500000000342	292.742627941208	0.03926337362053612	-3.8034114298803393e-06
164.87381000000013	273.1500000000341	292.7401382374737	0.03925578978480149	-3.7802045193938333e-06
166.87381000000013	273.15000000003397	292.7376637641489	0.039248251949973174	-3.7574171875744916e-06
168.87381000000013	273.1500000000338	292.7352042475106	0.03924075928910409	-3.7350369447361872e-06
170.87381000000013	273.1500000000337	292.73275942193624	0.03923331099972712	-3.7130518154475873e-06
172.87381000000013	273.1500000000335	292.73032902957254	0.03922590630285264	-3.6914503116273516e-06
174.87381000000013	273.1500000000334	292.72791282002083	0.03921854444201802	-3.6702214073361606e-06
176.87381000000013	273.1500000000333	292.72551055003873	0.03921122468238627	-3.6493545151616287e-06
178.87381000000013	273.1500000000331	292.72312198325716	0.03920394630989029	-3.6288394640457706e-06
180.87381000000013	273.15000000003306	292.7207468899115	0.03919670863042036	-3.608666478457948e-06
182.87381000000013	273.1500000000329	292.71838504658626	0.03918951096905188	-3.5888261588790238e-06
184.87381000000013	273.1500000000328	292.716036235972	0.03918235266931122	-3.569309463367344e-06
186.87381000000013	273.1500000000326	292.7137002466342	0.03917523309247731	-3.5501076902776763e-06
188.87381000000013	273.1500000000325	292.7113768727934	0.03916815161691667	-3.5312124620007783e-06
190.87381000000013	273.1500000000324	292.70906591411585	0.03916110763745037	-3.512615709559187e-06
192.87381000000013	273.15000000003226	292.7067671755136	0.03915410056475066	-3.494309658207536e-06
194.87381000000013	273.15000000003215	292.70448046695446	0.03914712982476579	-3.476286813722943e-06
196.87381000000016	273.150000000032	292.70220560328033	0.03914019485817142	-3.4585399495674405e-06
198.87381000000016	273.15000000003187	292.69994240403383	0.03913329511984703	-3.441062094699215e-06
200.87381000000013	273.15000000003175	292.6976906932934	0.039126430078376094	-3.423846522100876e-06
202.87381000000013	273.15000000003164	292.69545029951456	0.03911959921556861	-3.4068867378804514e-06
204.87381000000013	273.1500000000315	292.69322105537987	0.039112802026004784	-3.390176470996163e-06
206.87381000000013	273.15000000003135	292.6910027976537	0.039106038016598794	-3.3737096635369426e-06
208.87381000000013	273.15000000003124	292.6887953670447	0.039099306706181496	-3.3574804614703186e-06
210.87381000000013	273.1500000000311	292.6865986080732	0.039092607625101146	-3.3414832059399318e-06
212.87381000000013	273.150000000031	292.6844123689456	0.039085940314841104	-3.3257124249453772e-06
214.87381000000013	273.1500000000309	292.682236501432	0.03907930432765375	-3.3101628255077452e-06
216.87381000000013	273.1500000000308	292.68007086075113	0.039072699226209665	-3.294829286215145e-06
218.87381000000013	273.1500000000306	292.67791530545867	0.03906612458326149	-3.2797068501150417e-06
220.87381000000016	273.1500000000305	292.6757696973405	0.03905957998132143	-3.26479071799723e-06
222.87381000000016	273.1500000000304	292.6736339013107	0.03905306501235207	-3.250076242006981e-06
224.87381000000016	273.1500000000303	292.67150778531294	0.03904657927746953	-3.235558919565862e-06
226.87381000000016	273.15000000003016	292.6693912202264	0.0390401223866586	-3.221234387565441e-06
228.87381000000016	273.15000000003005	292.66728407977513	0.039033693958499115	-3.2070984168787437e-06
230.87381000000016	273.15000000002993	292.6651862404413	0.03902729361990314	-3.193146907113305e-06
232.87381000000016	273.1500000000298	292.66309758138135	0.03902092100586232	-3.1793758816198063e-06
234.87381000000016	273.1500000000297	292.6610179843459	0.03901457575920507	-3.16578148273135e-06
236.87381000000016	273.1500000000296	292.6589473336019	0.039008257530363036	-3.1523599672116187e-06
238.87381000000016	273.1500000000295	292.656885515859	0.039001965977146426	-3.139107701948427e-06
240.87381000000016	273.15000000002937	292.6548324201975	0.0389957007645278	-3.1260211598163513e-06
242.87381000000016	273.15000000002925	292.65278793799985	0.03898946156443395	-3.1130969157420862e-06
244.87381000000016	273.15000000002914	292.65075196288376	0.03898324805554544	-3.1003316429070016e-06
246.87381000000016	273.150000000029	292.64872439063885	0.03897705992310367	-3.0877221091978205e-06
248.87381000000016	273.1500000000289	292.64670511916506	0.038970896858724756	-3.0752651737451868e-06
250.87381000000016	273.1500000000288	292.6446940484129	0.038964758560220275	-3.062957783626899e-06
252.87381000000016	273.1500000000287	292.6426910803265	0.03895864473142443	-3.0507969707613144e-06
254.8738100000002	273.15000000002857	292.6406961187887	0.03895255508202732	-3.038779848869164e-06
256.87381000000016	273.15000000002846	292.6387090695671	0.03894648932741413	-3.026903610617226e-06
258.87381000000016	273.1500000000284	292.63672984026374	0.038940447188509954	-3.015165524838219e-06
260.87381000000016	273.1500000000283	292.6347583402644	0.03893442839162997	-3.003562933940003e-06
262.87381000000016	273.1500000000282	292.6327944806916	0.03892843266833488	-2.992093251325442e-06
264.87381000000016	273.15000000002806	292.6308381743579	0.03892245975529117	-2.9807539590101007e-06
266.87381000000016	273.15000000002794	292.62888933572145	0.03891650939413622	-2.9695426052845683e-06
268.87381000000016	273.15000000002783	292.62694788084286	0.038910581331347935	-2.9584568024759257e-06
270.8738100000002	273.1500000000277	292.6250137273433	0.038904675318118705	-2.947494224851452e-06
272.8738100000002	273.15000000002766	292.62308679436416	0.03889879111023359	-2.9366526065257504e-06
274.8738100000002	273.1500000000275	292.62116700252847	0.03889292846795252	-2.925929739523386e-06
276.8738100000002	273.15000000002743	292.6192542739028	0.038887087155896324	-2.915323471884117e-06
278.8738100000002	273.1500000000273	292.61734853196083	0.038881266942936483	-2.9048317058343806e-06
280.8738100000002	273.1500000000272	292.61544970154796	0.03887546760208846	-2.8944523960602754e-06
282.8738100000002	273.1500000000271	292.61355770884745	0.038869688910408394	-2.884183548042104e-06
284.8738100000002	273.150000000027	292.6116724813471	0.038863930648893145	-2.874023216420183e-06
286.8738100000002	273.1500000000269	292.6097939478072	0.03885819260238344	-2.863969503460154e-06
288.8738100000002	273.1500000000268	292.6079220382293	0.03885247455947013	-2.854020557563252e-06
290.8738100000002	273.15000000002675	292.6060566838265	0.038846776312403235	-2.8441745718383695e-06
292.8738100000002	273.1500000000266	292.6041978169944	0.03884109765700398	-2.8344297827157333e-06
294.8738100000002	273.15000000002647	292.6023453712822	0.03883543839257938	-2.824784468637311e-06
296.8738100000002	273.15000000002635	292.60049928136567	0.038829798321839505	-2.8152369487562886e-06
298.8738100000002	273.1500000000263	292.59865948302115	0.03882417725081728	-2.8057855817053912e-06
300.8738100000002	273.1500000000262	292.5968259130986	0.03881857498879058	-2.7964287644661593e-06
302.8738100000002	273.15000000002607	292.5949985094978	0.03881299134820683	-2.787164931135658e-06
304.8738100000002	273.15000000002595	292.59317721114326	0.0388074261446097	-2.7779925519082282e-06
306.8738100000002	273.1500000000259	292.59136195796106	0.038801879196568016	-2.768910131975265e-06
308.8738100000002	273.15000000002584	292.58955269085607	0.038796350325606785	-2.759916210503578e-06
310.8738100000002	273.15000000002567	292.58774935168964	0.03879083935614016	-2.7510093596606816e-06
312.8738100000002	273.15000000002556	292.5859518832579	0.038785346115406426	-2.742188183651728e-06
314.8738100000002	273.1500000000255	292.58416022927133	0.03877987043340477	-2.7334513178057325e-06
316.8738100000002	273.1500000000254	292.5823743343338	0.03877441214283396	-2.724797427692787e-06
318.8738100000002	273.1500000000253	292.58059414392346	0.038768971079032655	-2.716225208271239e-06
320.8738100000002	273.1500000000252	292.57881960437317	0.038763547079921516	-2.707733383031967e-06
322.8738100000002	273.1500000000251	292.5770506628519	0.0387581399859468	-2.699320703250016e-06
324.8738100000002	273.150000000025	292.57528726734677	0.03875274964002569	-2.6909859471564196e-06
326.8738100000002	273.15000000002493	292.57352936664523	0.038747375887492976	-2.6827279192564446e-06
328.8738100000002	273.1500000000248	292.5717769103179	0.03874201857604936	-2.674545449537935e-06
330.8738100000002	273.1500000000247	292.5700298487024	0.03873667755571103	-2.6664373928446372e-06
332.8738100000003	273.1500000000246	292.56828813288627	0.03873135267876072	-2.658402628156127e-06
334.8738100000003	273.15000000002453	292.5665517146919	0.0387260437997	-2.65044005795727e-06
336.8738100000003	273.1500000000244	292.5648205466611	0.03872075077520297	-2.642548607599422e-06
338.8738100000003	273.1500000000243	292.5630945820396	0.038715473464071025	-2.6347272246953755e-06
340.8738100000003	273.15000000002425	292.56137377476324	0.038710211727189005	-2.626974878529743e-06
342.8738100000003	273.15000000002414	292.55965807944324	0.03870496542748235	-2.6192905594929836e-06
344.8738100000003	273.1500000000241	292.55794745135296	0.03869973442987544	-2.6116732785187752e-06
346.8738100000003	273.150000000024	292.55624184641374	0.038694518601251046	-2.604122066567264e-06
348.8738100000003	273.1500000000239	292.55454122118243	0.038689317810410816	-2.596635974081073e-06
350.8738100000003	273.1500000000238	292.55284553283855	0.03868413192803672	-2.589214070512981e-06
352.8738100000003	273.1500000000237	292.5511547391715	0.03867896082665361	-2.581855443806918e-06
354.8738100000003	273.1500000000236	292.54946879856897	0.03867380438059262	-2.5745591999682317e-06
356.8738100000003	273.1500000000235	292.54778767000465	0.03866866246595554	-2.567324462563409e-06
358.8738100000003	273.15000000002345	292.54611131302715	0.03866353496058009	-2.5601503723171237e-06
360.8738100000003	273.15000000002334	292.5444396877486	0.03865842174400607	-2.5530360866526183e-06
362.8738100000003	273.1500000000233	292.54277275483366	0.038653322697442316	-2.5459807793091735e-06
364.8738100000003	273.15000000002317	292.541110475489	0.03864823770373454	-2.538983639899241e-06
366.8738100000003	273.1500000000231	292.53945281145286	0.03864316664733389	-2.532043873543074e-06
368.8738100000003	273.150000000023	292.5377997249847	0.03863810941426634	-2.5251607004988475e-06
370.8738100000003	273.1500000000229	292.5361511788559	0.03863306589210281	-2.5183333557655315e-06
372.8738100000003	273.15000000002277	292.5345071363393	0.03862803596992999	-2.5115610887362526e-06
374.8738100000003	273.1500000000227	292.5328675612003	0.03862301953832187	-2.5048431628764345e-06
376.8738100000003	273.1500000000226	292.53123241768765	0.03861801648931203	-2.4981788553460957e-06
378.8738100000003	273.15000000002254	292.52960167052436	0.03861302671636647	-2.491567456708568e-06
380.8738100000003	273.15000000002243	292.52797528489884	0.038608050114357154	-2.485008270591894e-06
382.8738100000003	273.1500000000224	292.52635322645654	0.03860308657953618	-2.478500613398584e-06
384.8738100000003	273.15000000002226	292.5247354612915	0.038598136009510564	-2.472043813968077e-06
386.8738100000003	273.1500000000222	292.52312195593817	0.03859319830321756	-2.465637213351697e-06
388.8738100000003	273.1500000000221	292.52151267736366	0.03858827336090059	-2.459280164466366e-06
390.8738100000003	273.15000000002203	292.5199075929594	0.03858336108408582	-2.4529720318458746e-06
392.8738100000003	273.1500000000219	292.51830667053434	0.03857846137555904	-2.4467121913945794e-06
394.8738100000003	273.15000000002186	292.51670987830676	0.03857357413934333	-2.440500030085806e-06
396.8738100000003	273.15000000002175	292.5151171848975	0.038568699280677105	-2.4343349457409804e-06
398.87381000000033	273.1500000000217	292.51352855932276	0.03856383670599266	-2.4282163467803834e-06
400.87381000000033	273.1500000000216	292.5119439709869	0.03855898632289522	-2.422143651962126e-06
402.8738100000003	273.1500000000215	292.510363389676	0.038554148040142504	-2.4161162901860314e-06
404.8738100000002	273.15000000002146	292.5087867855511	0.03854932176762459	-2.4101337002508453e-06
406.87381000000016	273.15000000002135	292.5072141291415	0.03854450741634448	-2.4041953306089968e-06
408.87381000000016	273.1500000000213	292.5056453913391	0.03853970489839883	-2.3983006392082992e-06
410.8738100000001	273.1500000000212	292.5040805433913	0.0385349141269593	-2.3924490932332744e-06
412.87381000000005	273.1500000000211	292.50251955689555	0.03853013501625421	-2.386640168935242e-06
414.87381	273.150000000021	292.5009624037931	0.038525367481550644	-2.380873351403999e-06
416.87381	273.15000000002095	292.49940905636356	0.03852061143913689	-2.3751481344270963e-06
418.87380999999993	273.15000000002084	292.4978594872188	0.038515866806305324	-2.3694640202373592e-06
420.8738099999999	273.1500000000208	292.4963136692978	0.0385111335013356	-2.363820519398771e-06
422.8738099999998	273.1500000000207	292.4947715758608	0.03850641144347828	-2.3582171505627364e-06
424.8738099999998	273.1500000000206	292.49323318048425	0.03850170055293868	-2.3526534403623146e-06
426.87380999999976	273.15000000002055	292.4916984570556	0.038497000750861245	-2.347128923181103e-06
428.8738099999997	273.15000000002044	292.4901673797681	0.03849231195931405	-2.3416431410350967e-06
430.87380999999965	273.1500000000204	292.4886399231158	0.0384876341012738	-2.336195643388913e-06
432.87380999999965	273.1500000000204	292.48711606188874	0.038482967100611006	-2.33078598703788e-06
434.8738099999996	273.1500000000202	292.4855957711683	0.03847831088207556	-2.3254137358825196e-06
436.87380999999954	273.15000000002016	292.4840790263221	0.0384736653712826	-2.3200784608600097e-06
438.8738099999995	273.15000000002004	292.48256580299966	0.03846903049469861	-2.3147797397520693e-06
440.8738099999995	273.15000000002	292.48105607712824	0.038464406179627875	-2.3095171570585392e-06
442.8738099999994	273.15000000001993	292.47954982490774	0.038459792354199135	-2.3042903038730544e-06
444.87380999999937	273.1500000000198	292.4780470228068	0.038455188947352587	-2.299098777724658e-06
446.8738099999993	273.15000000001976	292.4765476475587	0.03845059588882711	-2.2939421824678376e-06
448.8738099999993	273.1500000000197	292.4750516761569	0.038446013109147754	-2.2888201281483483e-06
450.87380999999925	273.1500000000196	292.4735590858511	0.03844144053961347	-2.2837322308687895e-06
452.8738099999992	273.15000000001953	292.4720698541433	0.03843687811228512	-2.2786781126994956e-06
454.87380999999914	273.1500000000195	292.4705839587839	0.038432325759973664	-2.273657401505649e-06
456.87380999999914	273.15000000001936	292.46910137776797	0.038427783416228635	-2.268669730906328e-06
458.8738099999991	273.1500000000193	292.46762208933114	0.038423251015326836	-2.2637147400952913e-06
460.873809999999	273.15000000001925	292.4661460719463	0.03841872849226122	-2.258792073765516e-06
462.87380999999897	273.15000000001913	292.46467330432	0.038414215782730014	-2.2539013819944653e-06
464.87380999999897	273.1500000000191	292.46320376538864	0.038409712823126094	-2.249042320140737e-06
466.8738099999989	273.150000000019	292.46173743431507	0.038405219550526476	-2.2442145487361075e-06
468.87380999999885	273.1500000000189	292.4602742904856	0.038400735902682066	-2.239417733400875e-06
470.8738099999988	273.15000000001885	292.45881431350597	0.03839626181800764	-2.234651544720469e-06
472.8738099999988	273.1500000000188	292.45735748319885	0.03839179723557191	-2.2299156581922327e-06
474.87380999999874	273.15000000001874	292.4559037795999	0.0383873420950879	-2.225209754076313e-06
476.8738099999987	273.1500000000186	292.45445318295526	0.038382896336903415	-2.220533517359154e-06
478.8738099999986	273.1500000000186	292.453005673718	0.03837845990199175	-2.2158866376337686e-06
480.8738099999986	273.1500000000185	292.4515612325454	0.0383740327319425	-2.2112688090199156e-06
482.87380999999857	273.15000000001845	292.4501198402956	0.03836961476895264	-2.2066797300818347e-06
484.8738099999985	273.15000000001834	292.44868147802526	0.0383652059558177	-2.2021191037397617e-06
486.87380999999846	273.1500000000183	292.44724612698633	0.03836080623592312	-2.197586637205488e-06
488.87380999999846	273.1500000000182	292.44581376862294	0.038356415553235754	-2.1930820418765277e-06
490.8738099999984	273.15000000001817	292.44438438456945	0.03835203385229558	-2.1886050332908436e-06
492.87380999999834	273.15000000001805	292.44295795664704	0.03834766107820752	-2.184155331005777e-06
494.8738099999983	273.150000000018	292.4415344668613	0.038343297176633366	-2.179732658597483e-06
496.8738099999983	273.15000000001794	292.44011389739967	0.038338942093783974	-2.175336743507392e-06
498.87380999999823	273.1500000000179	292.4386962306288	0.03833459577641149	-2.1709673170143263e-06
500.8738099999982	273.1500000000178	292.43728144909215	0.03833025817180174	-2.1666241141886395e-06
502.8738099999981	273.1500000000177	292.43586953550744	0.03832592922776682	-2.162306873756462e-06
504.8738099999981	273.1500000000177	292.43446047276393	0.038321608892637714	-2.1580153380982756e-06
506.87380999999806	273.1500000000176	292.43305424392065	0.03831729711525716	-2.1537492531437233e-06
508.873809999998	273.1500000000175	292.43165083220373	0.03831299384497252	-2.149508368343639e-06
510.87380999999795	273.1500000000174	292.4302502210039	0.038308699031628875	-2.1452924365649796e-06
512.8738099999979	273.15000000001737	292.42885239387454	0.03830441262556222	-2.1411012140804885e-06
514.8738099999979	273.1500000000173	292.4274573345295	0.03830013457759271	-2.13693446046325e-06
516.8738099999979	273.15000000001726	292.4260650268405	0.03829586483901816	-2.132791938543751e-06
518.8738099999978	273.1500000000172	292.42467545483555	0.038291603361607446	-2.1286734143941634e-06
520.8738099999978	273.1500000000171	292.42328860269646	0.0382873500975943	-2.124578657189263e-06
522.8738099999977	273.15000000001703	292.4219044547567	0.03828310499967095	-2.1205074392267565e-06
524.8738099999977	273.150000000017	292.4205229955	0.03827886802098204	-2.1164595358440186e-06
526.8738099999977	273.1500000000169	292.41914420955726	0.03827463911511859	-2.1124347253677414e-06
528.8738099999975	273.15000000001686	292.4177680817058	0.03827041823611202	-2.1084327890635794e-06
530.8738099999975	273.1500000000168	292.4163945968666	0.03826620533842839	-2.1044535110815824e-06
532.8738099999975	273.1500000000168	292.41502374010264	0.038262000376962625	-2.1004966784157425e-06
534.8738099999974	273.15000000001663	292.413655496617	0.038257803307032885	-2.096562080865567e-06
536.8738099999974	273.1500000000166	292.4122898517513	0.03825361408437504	-2.092649510951547e-06
538.8738099999973	273.1500000000165	292.4109267909836	0.03824943266513721	-2.0887587639149356e-06
540.8738099999973	273.15000000001646	292.4095662999264	0.0382452590058744	-2.084889637647037e-06
542.8738099999973	273.1500000000164	292.40820836432573	0.038241093063543265	-2.081041932644224e-06
544.8738099999972	273.15000000001635	292.40685297005837	0.03823693479549693	-2.077215451969015e-06
546.8738099999972	273.15000000001623	292.40550010313103	0.03823278415947986	-2.073410001221004e-06
548.8738099999972	273.1500000000162	292.4041497496783	0.03822864111362286	-2.0696253884821657e-06
550.8738099999971	273.1500000000161	292.40280189596103	0.038224505616438184	-2.065861424256821e-06
552.8738099999971	273.15000000001606	292.4014565283648	0.03822037762681465	-2.062117921476472e-06
554.873809999997	273.150000000016	292.40011363339806	0.03821625710401289	-2.058394695431758e-06
556.873809999997	273.15000000001595	292.3987731976914	0.03821214400766067	-2.054691563735035e-06
558.873809999997	273.1500000000159	292.3974352079949	0.038208038297748215	-2.0510083462808235e-06
560.8738099999969	273.1500000000159	292.3960996511773	0.03820393993462376	-2.047344865228571e-06
562.8738099999969	273.1500000000158	292.3947665142247	0.03819984887898901	-2.0437009449497184e-06
564.8738099999969	273.1500000000157	292.3934357842384	0.03819576509189476	-2.0400764119889167e-06
566.8738099999968	273.15000000001567	292.3921074484342	0.03819168853473664	-2.0364710950347963e-06
568.8738099999968	273.15000000001555	292.3907814941405	0.03818761916925071	-2.032884824909553e-06
570.8738099999966	273.1500000000155	292.3894579087969	0.03818355695750941	-2.0293174344908926e-06
572.8738099999966	273.15000000001544	292.38813667995333	0.03817950186191737	-2.0257687587119754e-06
574.8738099999966	273.1500000000154	292.3868177952682	0.03817545384520735	-2.0222386345080017e-06
576.8738099999965	273.1500000000153	292.3855012425074	0.03817141287043625	-2.0187269008134456e-06
578.8738099999965	273.15000000001527	292.3841870095426	0.038167378900981215	-2.015233398501954e-06
580.8738099999965	273.1500000000152	292.38287508435036	0.038163351900535714	-2.011757970370958e-06
582.8738099999964	273.15000000001515	292.38156545501096	0.038159331833105735	-2.0083004611099743e-06
584.8738099999964	273.1500000000151	292.38025810970663	0.03815531866300604	-2.004860717271485e-06
586.8738099999963	273.15000000001504	292.37895303672065	0.038151312354856484	-2.0014385872375478e-06
588.8738099999963	273.150000000015	292.3776502244362	0.03814731287357838	-1.9980339211959317e-06
590.8738099999963	273.150000000015	292.37634966133515	0.038143320184390844	-1.9946465711211956e-06
592.8738099999962	273.15000000001487	292.3750513359967	0.038139334252807355	-1.9912763907262846e-06
594.8738099999962	273.1500000000148	292.3737552370964	0.03813535504463226	-1.987923235456143e-06
596.8738099999962	273.15000000001476	292.3724613534052	0.03813138252595729	-1.984586962446705e-06
598.8738099999961	273.1500000000147	292.3711696737878	0.038127416663158276	-1.981267430520806e-06
600.8738099999961	273.15000000001464	292.36988018720183	0.03812345742289178	-1.9779645001230996e-06
602.873809999996	273.1500000000146	292.36859288269727	0.038119504772091806	-1.9746780333515553e-06
604.873809999996	273.15000000001453	292.36730774941446	0.03811555867796664	-1.971407893882999e-06
606.873809999996	273.1500000000145	292.36602477658374	0.03811161910799562	-1.968153946979077e-06
608.8738099999958	273.1500000000144	292.364743953524	0.03810768602992603	-1.9649160594360843e-06
610.8738099999958	273.15000000001436	292.36346526964195	0.03810375941177003	-1.961694099601564e-06
612.8738099999958	273.1500000000143	292.362188714431	0.0380998392218016	-1.9584879373256526e-06
614.8738099999957	273.15000000001424	292.3609142774704	0.03809592542855356	-1.955297443921532e-06
616.8738099999957	273.1500000000142	292.35964194842387	0.03809201800081464	-1.9521224921844e-06
618.8738099999956	273.15000000001413	292.35837171703906	0.03808811690762653	-1.948962956353595e-06
620.8738099999956	273.1500000000141	292.35710357314645	0.038084222118281046	-1.945818712079077e-06
622.8738099999956	273.1500000000141	292.3558375066585	0.03808033360231735	-1.942689636402598e-06
624.8738099999955	273.15000000001396	292.3545735075684	0.03807645132951911	-1.939575607757005e-06
626.8738099999955	273.1500000000139	292.3533115659496	0.03807257526991178	-1.9364765059413596e-06
628.8738099999955	273.15000000001385	292.35205167195465	0.038068705393759894	-1.933392212081125e-06
630.8738099999954	273.1500000000138	292.3507938158145	0.03806484167156443	-1.9303226086276436e-06
632.8738099999954	273.15000000001373	292.34953798783744	0.03806098407406016	-1.9272675793341253e-06
634.8738099999953	273.1500000000137	292.3482841784083	0.038057132572213076	-1.9242270092473063e-06
636.8738099999953	273.1500000000136	292.3470323779876	0.03805328713721783	-1.921200784659685e-06
638.8738099999953	273.15000000001356	292.345782577111	0.03804944774049524	-1.9181887931281375e-06
640.8738099999952	273.1500000000135	292.3445347663879	0.038045614353689805	-1.9151909234293836e-06
642.8738099999952	273.15000000001345	292.34328893650115	0.03804178694866724	-1.912207065564093e-06
644.8738099999952	273.1500000000134	292.3420450782061	0.03803796549751211	-1.9092371107213917e-06
646.873809999995	273.15000000001334	292.3408031823296	0.038034149972525376	-1.9062809512599892e-06
648.873809999995	273.15000000001334	292.33956323976963	0.038030340346222165	-1.9033384807259533e-06
650.8738099999949	273.1500000000133	292.338325241494	0.038026536591329374	-1.9004095937917884e-06
652.8738099999949	273.1500000000132	292.3370891785403	0.038022738680783416	-1.8974941862676884e-06
654.8738099999949	273.15000000001316	292.3358550420144	0.038018946587728	-1.8945921550747973e-06
656.8738099999948	273.15000000001316	292.3346228230903	0.03801516028551187	-1.891703398247859e-06
658.8738099999948	273.15000000001305	292.3333925130091	0.03801137974768665	-1.8888278148886713e-06
660.8738099999948	273.150000000013	292.3321641030783	0.038007604948004654	-1.8859653051866721e-06
662.8738099999947	273.15000000001294	292.3309375846713	0.03800383586041683	-1.8831157703701958e-06
664.8738099999947	273.1500000000129	292.3297129492265	0.03800007245907059	-1.8802791127189995e-06
666.8738099999946	273.1500000000128	292.32849018824675	0.0379963147183078	-1.8774552355373585e-06
668.8738099999946	273.15000000001277	292.3272692932984	0.037992562612662664	-1.874644043152658e-06
670.8738099999946	273.1500000000127	292.32605025601123	0.03798881611685978	-1.8718454408781348e-06
672.8738099999945	273.1500000000127	292.3248330680769	0.03798507520581213	-1.8690593350144008e-06
674.8738099999945	273.15000000001265	292.32361772124926	0.03798133985461913	-1.8662856328405938e-06
676.8738099999945	273.1500000000126	292.32240420734297	0.037977610038564674	-1.8635242425945276e-06
678.8738099999944	273.15000000001254	292.3211925182334	0.03797388573311522	-1.8607750734689585e-06
680.8738099999944	273.1500000000125	292.3199826458554	0.03797016691391797	-1.858038035582236e-06
682.8738099999943	273.1500000000124	292.3187745822034	0.03796645355679892	-1.8553130399722528e-06
684.8738099999943	273.15000000001237	292.3175683193302	0.03796274563776111	-1.8525999985979702e-06
686.8738099999943	273.1500000000123	292.3163638493468	0.037959043132982755	-1.8498988243126293e-06
688.8738099999941	273.1500000000123	292.3151611644216	0.0379553460188155	-1.8472094308524626e-06
690.8738099999941	273.15000000001226	292.3139602567797	0.03795165427178263	-1.8445317328395543e-06
692.8738099999941	273.15000000001226	292.3127611187026	0.03794796786857734	-1.8418656457482061e-06
694.873809999994	273.15000000001214	292.3115637425274	0.037944286786061036	-1.8392110859080708e-06
696.873809999994	273.1500000000121	292.3103681206465	0.03794061100126161	-1.8365679704909475e-06
698.8738099999939	273.150000000012	292.3091742455067	0.03793694049137179	-1.8339362175079058e-06
700.8738099999939	273.150000000012	292.30798210960893	0.037933275233747475	-1.8313157457788934e-06
702.8738099999939	273.15000000001197	292.3067917055077	0.03792961520590612	-1.8287064749386073e-06
704.8738099999938	273.1500000000119	292.3056030258102	0.037925960385525107	-1.826108325419189e-06
706.8738099999938	273.15000000001186	292.30441606317646	0.03792231075044018	-1.8235212184387685e-06
708.8738099999938	273.1500000000118	292.30323081031815	0.03791866627864387	-1.820945076005921e-06
710.8738099999937	273.15000000001174	292.3020472599984	0.03791502694828392	-1.8183798208862407e-06
712.8738099999937	273.1500000000117	292.30086540503123	0.03791139273766179	-1.815825376612974e-06
714.8738099999936	273.1500000000117	292.29968523828114	0.037907763625231135	-1.8132816674565594e-06
716.8738099999936	273.15000000001163	292.29850675266255	0.037904139589596327	-1.8107486184432564e-06
718.8738099999936	273.1500000000116	292.29732994113914	0.037900520609510956	-1.8082261553293408e-06
720.8738099999935	273.1500000000115	292.29615479672356	0.037896906663876385	-1.8057142045824533e-06
722.8738099999935	273.15000000001146	292.2949813124772	0.037893297731740355	-1.8032126933785023e-06
724.8738099999935	273.1500000000114	292.2938094815091	0.037889693792295516	-1.8007215496234468e-06
726.8738099999933	273.1500000000114	292.292639296976	0.03788609482487804	-1.7982407018967372e-06
728.8738099999933	273.15000000001135	292.2914707520817	0.03788250080896626	-1.7957700794663698e-06
730.8738099999932	273.15000000001135	292.29030384007666	0.03787891172417928	-1.7933096122864862e-06
732.8738099999932	273.15000000001123	292.28913855425725	0.037875327550275645	-1.790859230982225e-06
734.8738099999932	273.1500000000112	292.287974887966	0.03787174826715199	-1.7884188668326928e-06
736.8738099999931	273.1500000000112	292.2868128345905	0.03786817385484175	-1.7859884517666735e-06
738.8738099999931	273.1500000000111	292.28565238756306	0.03786460429351384	-1.7835679183724737e-06
740.8738099999931	273.15000000001106	292.2844935403608	0.03786103956347138	-1.7811571998739985e-06
742.873809999993	273.150000000011	292.2833362865045	0.037857479645150405	-1.7787562301123022e-06
744.873809999993	273.15000000001095	292.2821806195589	0.037853924519118655	-1.7763649435659368e-06
746.8738099999929	273.15000000001095	292.28102653313164	0.03785037416607431	-1.7739832753179282e-06
748.8738099999929	273.1500000000109	292.2798740208732	0.03784682856684478	-1.7716111610652656e-06
750.8738099999929	273.15000000001083	292.27872307647664	0.037843287702385466	-1.7692485371005866e-06
752.8738099999928	273.1500000000108	292.27757369367686	0.03783975155377861	-1.766895340316429e-06
754.8738099999928	273.1500000000108	292.27642586625035	0.03783622010223208	-1.764551508183692e-06
756.8738099999928	273.1500000000107	292.275279588015	0.03783269332907824	-1.7622169787535705e-06
758.8738099999927	273.15000000001066	292.27413485282926	0.03782917121577274	-1.7598916906532543e-06
760.8738099999927	273.1500000000106	292.2729916545923	0.03782565374389348	-1.7575755830770975e-06
762.8738099999925	273.1500000000106	292.27184998724334	0.03782214089513937	-1.7552685957723819e-06
764.8738099999925	273.15000000001055	292.27070984476114	0.03781863265132928	-1.7529706690383742e-06
766.8738099999925	273.1500000000105	292.26957122116403	0.03781512899440096	-1.7506817437195718e-06
768.8738099999924	273.1500000000105	292.26843411050925	0.037811629906409905	-1.748401761214913e-06
770.8738099999924	273.15000000001044	292.2672985068926	0.03780813536952832	-1.7461306634273904e-06
772.8738099999924	273.15000000001044	292.26616440444843	0.037804645366044026	-1.743868392813558e-06
774.8738099999923	273.1500000000103	292.26503179734874	0.03780115987835948	-1.7416148923389758e-06
776.8738099999923	273.1500000000103	292.2639006798033	0.03779767888899065	-1.7393701054860314e-06
778.8738099999922	273.15000000001027	292.26277104605924	0.03779420238056606	-1.7371339762418894e-06
780.8738099999922	273.1500000000102	292.2616428904004	0.03779073033582572	-1.7349064490988912e-06
782.8738099999922	273.15000000001015	292.26051620714736	0.037787262737620224	-1.7326874690468338e-06
784.8738099999921	273.15000000001015	292.2593909906569	0.03778379956890962	-1.7304769815691537e-06
786.8738099999921	273.1500000000101	292.2582672353218	0.03778034081276259	-1.7282749326278233e-06
788.8738099999921	273.15000000001004	292.2571449355704	0.03777688645235534	-1.7260812686726895e-06
790.873809999992	273.15000000001004	292.25602408586656	0.03777343647097077	-1.723895936619439e-06
792.873809999992	273.15000000001	292.2549046807089	0.03776999085199743	-1.72171888386726e-06
794.8738099999919	273.1500000000099	292.2537867146308	0.03776654957892862	-1.71955005826991e-06
796.8738099999919	273.1500000000099	292.2526701822	0.03776311263536151	-1.7173894081332965e-06
798.8738099999919	273.15000000000987	292.25155507801867	0.03775968000499617	-1.7152368822292423e-06
800.8738099999919	273.1500000000098	292.25044139672207	0.0377562516716347	-1.713092429764317e-06
802.8738099999919	273.15000000000975	292.2493291329796	0.03775282761918033	-1.7109560004120863e-06
804.8738099999917	273.15000000000975	292.24821828149356	0.03774940783163654	-1.7088275442502506e-06
806.8738099999917	273.1500000000097	292.24710883699913	0.037745992293106184	-1.706707011821385e-06
808.8738099999917	273.1500000000097	292.2460007942644	0.037742580987790625	-1.704594354081676e-06
810.8738099999916	273.15000000000964	292.2448941480894	0.037739173899988876	-1.7024895224192785e-06
812.8738099999916	273.1500000000096	292.2437888933065	0.03773577101409681	-1.7003924686178737e-06
814.8738099999915	273.1500000000096	292.24268502477975	0.03773237231460624	-1.6983031449078167e-06
816.8738099999915	273.1500000000095	292.24158253740484	0.037728977786104165	-1.696221503913968e-06
818.8738099999915	273.1500000000095	292.24048142610843	0.037725587413271915	-1.6941474986710592e-06
820.8738099999914	273.1500000000095	292.23938168584857	0.03772220118088438	-1.6920810825903386e-06
822.8738099999914	273.1500000000094	292.23828331161354	0.037718819073809154	-1.6900222095313005e-06
824.8738099999914	273.15000000000936	292.2371862984225	0.0377154410770058	-1.6879708337067215e-06
826.8738099999913	273.15000000000936	292.2360906413245	0.037712067175525076	-1.6859269097098756e-06
828.8738099999913	273.1500000000093	292.2349963353987	0.0377086973545081	-1.6838903925461056e-06
830.8738099999912	273.15000000000924	292.2339033757539	0.03770533159918566	-1.6818612375918563e-06
832.8738099999912	273.15000000000924	292.2328117575284	0.037701969894877396	-1.6798394005878366e-06
834.8738099999912	273.1500000000092	292.23172147588946	0.0376986122269911	-1.677824837659629e-06
836.8738099999911	273.15000000000913	292.2306325260335	0.03769525858102195	-1.6758175052915947e-06
838.8738099999911	273.15000000000913	292.22954490318557	0.03769190894255176	-1.6738173603429703e-06
840.8738099999911	273.1500000000091	292.22845860259935	0.03768856329724836	-1.671824360009946e-06
842.873809999991	273.1500000000091	292.2273736195563	0.03768522163086473	-1.669838461870135e-06
844.873809999991	273.150000000009	292.22628994936633	0.037681883929238415	-1.6678596238326642e-06
846.8738099999908	273.15000000000896	292.22520758736687	0.03767855017829075	-1.6658878041721122e-06
848.8738099999908	273.15000000000896	292.224126528923	0.03767522036402619	-1.66392296149926e-06
850.8738099999908	273.1500000000089	292.22304676942696	0.03767189447253165	-1.661965054769962e-06
852.8738099999907	273.15000000000884	292.22196830429823	0.03766857248997579	-1.6600140432607663e-06
854.8738099999907	273.15000000000884	292.220891128983	0.037665254402608365	-1.6580698866043344e-06
856.8738099999907	273.1500000000088	292.21981523895414	0.037661940196759565	-1.6561325447449524e-06
858.8738099999906	273.1500000000088	292.21874062971096	0.03765862985883933	-1.6542019779717374e-06
860.8738099999906	273.15000000000873	292.21766729677904	0.037655323375336724	-1.6522781468960477e-06
862.8738099999905	273.1500000000087	292.21659523570975	0.037652020732819286	-1.6503610124225838e-06
864.8738099999905	273.1500000000087	292.21552444208044	0.037648721917932414	-1.6484505357972465e-06
866.8738099999905	273.1500000000086	292.21445491149393	0.03764542691739868	-1.6465466785830902e-06
868.8738099999904	273.1500000000086	292.2133866395784	0.03764213571801726	-1.6446494026369266e-06
870.8738099999904	273.1500000000086	292.21231962198715	0.037638848306663274	-1.642758670130537e-06
872.8738099999904	273.1500000000085	292.21125385439865	0.03763556467028723	-1.640874443535366e-06
874.8738099999903	273.1500000000085	292.2101893325158	0.037632284795914385	-1.6389966856236194e-06
876.8738099999903	273.15000000000845	292.2091260520664	0.03762900867064414	-1.6371253594769367e-06
878.8738099999902	273.15000000000845	292.20806400880235	0.037625736281649454	-1.6352604284553398e-06
880.8738099999902	273.1500000000084	292.20700319849976	0.03762246761617627	-1.6334018562197075e-06
882.8738099999902	273.15000000000833	292.20594361695885	0.037619202661542915	-1.6315496067131536e-06
884.87380999999	273.15000000000833	292.20488526000355	0.03761594140513958	-1.629703644169036e-06
886.87380999999	273.1500000000083	292.20382812348123	0.03761268383442765	-1.6278639331104307e-06
888.87380999999	273.1500000000083	292.202772203263	0.03760942993693924	-1.6260304383230625e-06
890.8738099999899	273.1500000000082	292.2017174952428	0.037606179700276604	-1.6242031248745674e-06
892.8738099999899	273.15000000000816	292.20066399533806	0.037602933112111554	-1.6223819581239841e-06
894.8738099999898	273.15000000000816	292.19961169948874	0.03759969016018497	-1.6205669036725936e-06
896.8738099999898	273.1500000000081	292.19856060365765	0.03759645083230622	-1.6187579274178755e-06
898.8738099999898	273.1500000000081	292.1975107038299	0.037593215116352614	-1.6169549955144491e-06
900.8738099999897	273.15000000000805	292.19646199601317	0.03758998300026893	-1.6151580743648312e-06
902.8738099999897	273.15000000000805	292.1954144762372	0.03758675447206682	-1.6133671306575926e-06
904.8738099999897	273.150000000008	292.1943681405537	0.03758352951982437	-1.611582131310507e-06
906.8738099999896	273.150000000008	292.1933229850363	0.03758030813168551	-1.6098030435240408e-06
908.8738099999896	273.15000000000794	292.19227900578016	0.03757709029585957	-1.6080298347444373e-06
910.8738099999895	273.15000000000794	292.19123619890183	0.03757387600062071	-1.6062624726588254e-06
912.8738099999895	273.1500000000079	292.19019456053945	0.037570665234307486	-1.6045009252039782e-06
914.8738099999895	273.1500000000078	292.18915408685217	0.03756745798532232	-1.602745160570374e-06
916.8738099999894	273.1500000000078	292.18811477402016	0.03756425424213102	-1.6009951471872075e-06
918.8738099999894	273.15000000000776	292.1870766182443	0.03756105399326229	-1.5992508537254748e-06
920.8738099999894	273.15000000000776	292.1860396157463	0.03755785722730725	-1.597512249090016e-06
922.8738099999892	273.1500000000077	292.18500376276825	0.037554663932918994	-1.5957793024335004e-06
924.8738099999892	273.1500000000077	292.1839690555728	0.037551474098812085	-1.5940519831216787e-06
926.8738099999891	273.1500000000077	292.18293549044245	0.03754828771376208	-1.5923302607780125e-06
928.8738099999891	273.1500000000076	292.1819030636803	0.037545104766605095	-1.590614105235179e-06
930.8738099999891	273.1500000000076	292.18087177160874	0.03754192524623734	-1.5889034865680365e-06
932.873809999989	273.15000000000754	292.1798416105704	0.037538749141614695	-1.5871983750488206e-06
934.873809999989	273.15000000000754	292.1788125769273	0.0375355764417522	-1.5854987412123307e-06
936.873809999989	273.1500000000075	292.17778466706085	0.037532407135723665	-1.5838045557785528e-06
938.8738099999889	273.1500000000075	292.1767578773718	0.03752924121266121	-1.5821157897050813e-06
940.8738099999889	273.1500000000074	292.17573220428034	0.037526078661754836	-1.5804324141661688e-06
942.8738099999888	273.1500000000074	292.17470764422535	0.03752291947225199	-1.5787544005369888e-06
944.8738099999888	273.15000000000737	292.17368419366466	0.03751976363345715	-1.5770817204174065e-06
946.8738099999888	273.15000000000737	292.172661849075	0.037516611134731384	-1.5754143456154419e-06
948.8738099999887	273.1500000000073	292.1716406069516	0.03751346196549195	-1.5737522481328259e-06
950.8738099999887	273.1500000000073	292.1706204638082	0.03751031611521185	-1.5720954002105163e-06
952.8738099999887	273.15000000000725	292.1696014161767	0.03750717357341947	-1.5704437742607167e-06
954.8738099999886	273.15000000000725	292.1685834606074	0.037504034329698135	-1.5687973429115407e-06
956.8738099999886	273.1500000000072	292.1675665936686	0.0375008983736857	-1.5671560789903242e-06
958.8738099999885	273.1500000000072	292.1665508119466	0.03749776569507419	-1.565519955526475e-06
960.8738099999885	273.15000000000714	292.16553611204534	0.03749463628360937	-1.5638889457358766e-06
962.8738099999885	273.15000000000714	292.1645224905866	0.037491510129090376	-1.5622630230428697e-06
964.8738099999883	273.1500000000071	292.1635099442096	0.0374883872213693	-1.5606421610571903e-06
966.8738099999883	273.1500000000071	292.162498469571	0.037485267550350844	-1.5590263335796134e-06
968.8738099999883	273.150000000007	292.1614880633447	0.03748215110599188	-1.5574155146058952e-06
970.8738099999882	273.150000000007	292.1604787222219	0.03747903787830115	-1.5558096783038582e-06
972.8738099999882	273.15000000000697	292.15947044291073	0.037475927857338845	-1.5542087990500051e-06
974.8738099999881	273.15000000000697	292.1584632221363	0.037472821033216225	-1.5526128513900387e-06
976.8738099999881	273.15000000000697	292.1574570566404	0.03746971739609528	-1.551021810051472e-06
978.8738099999881	273.1500000000069	292.1564519431817	0.03746661693618836	-1.549435649954112e-06
980.873809999988	273.15000000000686	292.1554478785352	0.03746351964375781	-1.547854346183031e-06
982.873809999988	273.15000000000686	292.15444485949257	0.0374604255091156	-1.5462778740177522e-06
984.873809999988	273.15000000000686	292.15344288286155	0.03745733452262301	-1.544706208892247e-06
986.8738099999879	273.1500000000068	292.15244194546625	0.037454246674690224	-1.5431393264388402e-06
988.8738099999879	273.1500000000068	292.1514420441469	0.03745116195577604	-1.5415772024406052e-06
990.8738099999878	273.1500000000068	292.15044317575956	0.03744808035638749	-1.5400198128656744e-06
992.8738099999878	273.1500000000068	292.1494453371764	0.03744500186707952	-1.5384671338393803e-06
994.8738099999878	273.1500000000067	292.14844852528506	0.037441926478454624	-1.53691914167783e-06
996.8738099999877	273.1500000000067	292.14745273698895	0.037438854181162544	-1.5353758128359884e-06
998.8738099999877	273.1500000000066	292.146457969207	0.037435784965899915	-1.5338371239599013e-06
1000.8738099999877	273.1500000000066	292.1454642188736	0.03743271882340993	-1.532303051830805e-06
1002.8738099999875	273.15000000000657	292.1444714829384	0.03742965574448204	-1.530773573420846e-06
1004.8738099999875	273.15000000000657	292.1434797583663	0.037426595719951605	-1.5292486658504e-06
1006.8738099999874	273.15000000000657	292.1424890421373	0.03742353874069961	-1.5277283063881065e-06
1008.8738099999874	273.1500000000065	292.14149933124634	0.037420484797652316	-1.5262124724699945e-06
1010.8738099999874	273.1500000000065	292.1405106227034	0.03741743388178096	-1.5247011416984653e-06
1012.8738099999873	273.15000000000646	292.139522913533	0.0374143859841014	-1.5231942918228394e-06
1014.8738099999873	273.15000000000646	292.13853620077464	0.03741134109567389	-1.521691900738484e-06
1016.8738099999873	273.1500000000064	292.13755048148215	0.03740829920760274	-1.5201939464921504e-06
1018.8738099999872	273.1500000000064	292.136565752724	0.03740526031103594	-1.5187004073044258e-06
1020.8738099999872	273.15000000000634	292.13558201158304	0.03740222439716498	-1.5172112615232262e-06
1022.8738099999871	273.15000000000634	292.13459925515633	0.037399191457224465	-1.5157264876497291e-06
1024.873809999987	273.15000000000634	292.1336174805551	0.03739616148249184	-1.5142460643337925e-06
1026.873809999987	273.1500000000063	292.13263668490487	0.03739313446428714	-1.512769970375152e-06
1028.873809999987	273.1500000000063	292.1316568653449	0.03739011039397263	-1.511298184705597e-06
1030.8738099999869	273.15000000000623	292.13067801902866	0.03738708926295259	-1.5098306864129216e-06
1032.8738099999869	273.15000000000623	292.129700143123	0.03738407106267294	-1.5083674547247465e-06
1034.8738099999869	273.1500000000062	292.12872323480894	0.03738105578462104	-1.5069084690095548e-06
1036.8738099999869	273.1500000000062	292.12774729128074	0.0373780434203254	-1.5054537087561688e-06
1038.8738099999869	273.1500000000061	292.1267723097465	0.037375033961355345	-1.5040031536247838e-06
1040.8738099999869	273.1500000000061	292.12579828742753	0.037372027399320815	-1.5025567833865637e-06
1042.8738099999866	273.1500000000061	292.12482522155864	0.03736902372587203	-1.5011145779590863e-06
1044.8738099999866	273.15000000000606	292.12385310938765	0.03736602293269923	-1.4996765174039857e-06
1046.8738099999866	273.15000000000606	292.12288194817603	0.03736302501153245	-1.4982425818843482e-06
1048.8738099999866	273.150000000006	292.12191173519784	0.0373600299541412	-1.4968127517400779e-06
1050.8738099999866	273.150000000006	292.12094246774035	0.037357037752334246	-1.495387007401628e-06
1052.8738099999864	273.15000000000595	292.1199741431037	0.037354048397959326	-1.4939653294525444e-06
1054.8738099999864	273.15000000000595	292.1190067586009	0.03735106188290289	-1.492547698596944e-06
1056.8738099999864	273.15000000000595	292.1180403115577	0.03734807819908983	-1.4911340956819506e-06
1058.8738099999864	273.15000000000595	292.1170747993124	0.03734509733848327	-1.4897245016538541e-06
1060.8738099999864	273.15000000000595	292.11611021921607	0.037342119293084265	-1.4883188976130749e-06
1062.8738099999862	273.15000000000595	292.11514656863187	0.03733914405493158	-1.4869172647586383e-06
1064.8738099999862	273.15000000000583	292.11418384493584	0.03733617161610143	-1.4855195844414773e-06
1066.8738099999862	273.15000000000583	292.113222045516	0.03733320196870724	-1.4841258381078229e-06
1068.8738099999862	273.1500000000058	292.1122611677729	0.037330235104899384	-1.4827360073391195e-06
1070.8738099999862	273.1500000000058	292.111301209119	0.03732727101686498	-1.4813500738430449e-06
1072.8738099999862	273.1500000000058	292.11034216697885	0.0373243096968276	-1.4799680194305207e-06
1074.873809999986	273.1500000000057	292.1093840387892	0.03732135113704708	-1.4785898260534445e-06
1076.873809999986	273.1500000000057	292.1084268219985	0.03731839532981923	-1.4772154757503792e-06
1078.873809999986	273.15000000000566	292.1074705140673	0.03731544226747568	-1.475844950705421e-06
1080.873809999986	273.15000000000566	292.10651511246755	0.03731249194238355	-1.4744782332070444e-06
1082.873809999986	273.15000000000566	292.1055606146833	0.037309544346945306	-1.4731153056513392e-06
1084.8738099999857	273.1500000000056	292.10460701821	0.03730659947359848	-1.4717561505538374e-06
1086.8738099999857	273.1500000000056	292.10365432055465	0.03730365731481546	-1.4704007505561763e-06
1088.8738099999857	273.15000000000555	292.1027025192358	0.037300717863103273	-1.4690490883892155e-06
1090.8738099999857	273.15000000000555	292.10175161178324	0.03729778111100335	-1.4677011468989665e-06
1092.8738099999857	273.1500000000055	292.1008015957383	0.03729484705109129	-1.4663569090628e-06
1094.8738099999855	273.1500000000055	292.09985246865335	0.037291915675976686	-1.4650163579422317e-06
1096.8738099999855	273.15000000000543	292.09890422809207	0.03728898697830287	-1.4636794767095927e-06
1098.8738099999855	273.15000000000543	292.09795687162926	0.03728606095074672	-1.4623462486587668e-06
1100.8738099999855	273.15000000000543	292.09701039685064	0.037283137586018415	-1.4610166571889487e-06
1102.8738099999855	273.1500000000054	292.096064801353	0.03728021687686128	-1.459690685781397e-06
1104.8738099999855	273.1500000000054	292.09512008274385	0.03727729881605149	-1.4583683180564223e-06
1106.8738099999853	273.1500000000053	292.09417623864186	0.03727438339639795	-1.4570495377112722e-06
1108.8738099999853	273.1500000000053	292.0932332666761	0.03727147061074203	-1.4557343285522946e-06
1110.8738099999853	273.15000000000526	292.0922911644866	0.0372685604519574	-1.4544226744898606e-06
1112.8738099999853	273.15000000000526	292.09134992972395	0.03726565291294979	-1.453114559552085e-06
1114.8738099999853	273.15000000000526	292.090409560049	0.03726274798665681	-1.4518099678330133e-06
1116.873809999985	273.1500000000052	292.08947005313365	0.037259845666047745	-1.450508883556105e-06
1118.873809999985	273.1500000000052	292.0885314066597	0.03725694594412335	-1.4492112910316547e-06
1120.873809999985	273.1500000000052	292.0875936183196	0.03725404881391566	-1.4479171746642684e-06
1122.873809999985	273.15000000000515	292.086656685816	0.037251154268487796	-1.4466265189745655e-06
1124.873809999985	273.15000000000515	292.0857206068618	0.037248262300933775	-1.4453393085515925e-06
1126.8738099999848	273.15000000000515	292.08478537918006	0.0372453729043783	-1.4440555280944875e-06
1128.8738099999848	273.1500000000051	292.08385100050396	0.0372424860719766	-1.4427751624109267e-06
1130.8738099999848	273.1500000000051	292.0829174685767	0.037239601796914185	-1.4414981963815345e-06
1132.8738099999848	273.15000000000504	292.0819847811515	0.037236720072406734	-1.4402246149862813e-06
1134.8738099999848	273.15000000000504	292.08105293599135	0.03723384089169985	-1.438954403299732e-06
1136.8738099999848	273.15000000000504	292.0801219308694	0.0372309642480689	-1.4376875464920808e-06
1138.8738099999846	273.15000000000504	292.0791917635682	0.03722809013481883	-1.4364240298166706e-06
1140.8738099999846	273.15000000000504	292.0782624318803	0.037225218545283954	-1.4351638386296967e-06
1142.8738099999846	273.15000000000504	292.0773339336079	0.03722234947282785	-1.4339069583607528e-06
1144.8738099999846	273.1500000000049	292.0764062665628	0.03721948291084309	-1.4326533745391084e-06
1146.8738099999846	273.1500000000049	292.07547942856627	0.03721661885275111	-1.4314030727895292e-06
1148.8738099999844	273.1500000000049	292.07455341744924	0.03721375729200204	-1.4301560388067945e-06
1150.8738099999844	273.15000000000487	292.0736282310519	0.03721089822207452	-1.4289122583763405e-06
1152.8738099999844	273.15000000000487	292.0727038672239	0.03720804163647549	-1.4276717173870567e-06
1154.8738099999844	273.15000000000487	292.0717803238242	0.03720518752874008	-1.426434401799181e-06
1156.8738099999844	273.15000000000487	292.0708575987212	0.03720233589243142	-1.4252002976508932e-06
1158.8738099999841	273.1500000000048	292.0699356897923	0.03719948672114042	-1.4239693910839893e-06
1160.8738099999841	273.1500000000048	292.06901459492406	0.03719664000848568	-1.4227416683032676e-06
1162.8738099999841	273.1500000000048	292.0680943120122	0.03719379574811327	-1.4215171156238885e-06
1164.8738099999841	273.15000000000475	292.06717483896165	0.037190953933696584	-1.4202957194095839e-06
1166.8738099999841	273.15000000000475	292.06625617368593	0.03718811455893617	-1.4190774661363824e-06
1168.8738099999841	273.15000000000475	292.0653383141081	0.03718527761755958	-1.417862342338073e-06
1170.873809999984	273.1500000000047	292.06442125815937	0.037182443103321194	-1.4166503346493056e-06
1172.873809999984	273.1500000000047	292.06350500378045	0.03717961101000205	-1.415441429763449e-06
1174.873809999984	273.1500000000047	292.0625895489204	0.037176781331409704	-1.4142356144749483e-06
1176.873809999984	273.1500000000047	292.0616748915373	0.03717395406137807	-1.4130328756369438e-06
1178.873809999984	273.15000000000464	292.0607610295976	0.03717112919376727	-1.4118332001930281e-06
1180.8738099999837	273.15000000000464	292.0598479610766	0.03716830672246344	-1.4106365751705487e-06
1182.8738099999837	273.15000000000464	292.0589356839582	0.037165486641378635	-1.409442987648414e-06
1184.8738099999837	273.1500000000046	292.0580241962347	0.037162668944450625	-1.4082524248040676e-06
1186.8738099999837	273.1500000000046	292.0571134959068	0.03715985362564277	-1.4070648738870368e-06
1188.8738099999837	273.1500000000046	292.05620358098383	0.03715704067894387	-1.4058803222177573e-06
1190.8738099999835	273.1500000000045	292.05529444948337	0.03715423009836797	-1.4046987571923893e-06
1192.8738099999835	273.1500000000045	292.0543860994314	0.03715142187795429	-1.4035201662848892e-06
1194.8738099999835	273.1500000000045	292.05347852886194	0.03714861601176703	-1.4023445370313904e-06
1196.8738099999835	273.15000000000447	292.05257173581754	0.037145812493895196	-1.4011718570554469e-06
1198.8738099999835	273.15000000000447	292.05166571834894	0.03714301131845252	-1.4000021140484399e-06
1200.8738099999835	273.15000000000447	292.05076047451456	0.03714021247957728	-1.3988352957614878e-06
1202.8738099999832	273.15000000000447	292.0498560023816	0.03713741597143215	-1.397671390033316e-06
1204.8738099999832	273.1500000000044	292.0489523000246	0.037134621788204085	-1.396510384770509e-06
1206.8738099999832	273.1500000000044	292.04804936552654	0.03713182992410414	-1.39535226794175e-06
1208.8738099999832	273.1500000000044	292.04714719697824	0.037129040373367374	-1.3941970275922177e-06
1210.8738099999832	273.15000000000435	292.04624579247826	0.03712625313025267	-1.393044651834226e-06
1212.873809999983	273.15000000000435	292.04534515013324	0.037123468189042635	-1.3918951288425234e-06
1214.873809999983	273.15000000000435	292.0444452680575	0.03712068554404346	-1.3907484468748974e-06
1216.873809999983	273.15000000000435	292.0435461443731	0.03711790518958473	-1.3896045942459224e-06
1218.873809999983	273.1500000000043	292.04264777721	0.03711512712001938	-1.3884635593301516e-06
1220.873809999983	273.1500000000043	292.0417501647055	0.03711235132972347	-1.3873253305933938e-06
1222.8738099999828	273.1500000000043	292.0408533050048	0.037109577813096116	-1.3861898965421351e-06
1224.8738099999828	273.1500000000043	292.03995719626073	0.037106806564559315	-1.3850572457623001e-06
1226.8738099999828	273.15000000000424	292.03906183663327	0.03710403757855783	-1.3839273669034785e-06
1228.8738099999828	273.15000000000424	292.03816722429036	0.0371012708495591	-1.382800248677427e-06
1230.8738099999828	273.15000000000424	292.0372733574071	0.03709850637205307	-1.3816758798492726e-06
1232.8738099999828	273.1500000000042	292.03638023416624	0.037095744140552014	-1.3805542492780306e-06
1234.8738099999825	273.1500000000042	292.0354878527576	0.03709298414959054	-1.3794353458500184e-06
1236.8738099999825	273.1500000000042	292.03459621137864	0.03709022639372531	-1.3783191585476937e-06
1238.8738099999825	273.1500000000041	292.03370530823383	0.03708747086753505	-1.3772056763926762e-06
1240.8738099999825	273.1500000000041	292.032815141535	0.03708471756562033	-1.3760948884740243e-06
1242.8738099999825	273.1500000000041	292.03192570950137	0.0370819664826035	-1.3749867839453902e-06
1244.8738099999823	273.1500000000041	292.03103701035906	0.03707921761312853	-1.373881352017492e-06
1246.8738099999823	273.1500000000041	292.0301490423413	0.037076470951860924	-1.37277858196869e-06
1248.8738099999823	273.1500000000041	292.0292618036887	0.03707372649348755	-1.3716784631265957e-06
1250.8738099999823	273.1500000000041	292.0283752926487	0.03707098423271656	-1.3705809848951375e-06
1252.8738099999823	273.150000000004	292.02748950747565	0.03706824416427727	-1.3694861367225274e-06
1254.873809999982	273.150000000004	292.02660444643107	0.03706550628292002	-1.368393908118868e-06
1256.873809999982	273.150000000004	292.0257201077833	0.03706277058341605	-1.3673042886612718e-06
1258.873809999982	273.150000000004	292.0248364898077	0.037060037060557445	-1.3662172679635705e-06
1260.873809999982	273.15000000000396	292.0239535907862	0.03705730570915693	-1.36513283573238e-06
1262.873809999982	273.15000000000396	292.0230714090079	0.03705457652404783	-1.3640509816955809e-06
1264.873809999982	273.15000000000396	292.0221899427684	0.037051849500083923	-1.3629716956595962e-06
1266.8738099999819	273.15000000000396	292.0213091903702	0.03704912463213931	-1.3618949674860545e-06
1268.8738099999819	273.1500000000039	292.02042915012237	0.03704640191510834	-1.3608207870734694e-06
1270.8738099999819	273.1500000000039	292.01954982034067	0.03704368134390549	-1.3597491443994843e-06
1272.8738099999819	273.1500000000039	292.01867119934764	0.037040962913465224	-1.3586800294857138e-06
1274.8738099999819	273.1500000000039	292.01779328547224	0.03703824661874191	-1.3576134324167592e-06
1276.8738099999816	273.15000000000384	292.01691607705	0.03703553245470972	-1.3565493433122227e-06
1278.8738099999816	273.15000000000384	292.01603957242304	0.037032820416362494	-1.3554877523652307e-06
1280.8738099999816	273.15000000000384	292.01516376993993	0.03703011049871365	-1.3544286498254403e-06
1282.8738099999816	273.1500000000038	292.01428866795567	0.03702740269679608	-1.3533720259723425e-06
1284.8738099999816	273.1500000000038	292.01341426483174	0.037024697005662	-1.3523178711631685e-06
1286.8738099999814	273.1500000000038	292.0125405589359	0.03702199342038293	-1.351266175786276e-06
1288.8738099999814	273.1500000000038	292.0116675486423	0.0370192919360495	-1.3502169303070528e-06
1290.8738099999814	273.15000000000373	292.01079523233136	0.037016592547771406	-1.3491701252127991e-06
1292.8738099999814	273.15000000000373	292.00992360838984	0.037013895250677276	-1.348125751072881e-06
1294.8738099999814	273.15000000000373	292.0090526752107	0.037011200039914594	-1.3470837984842073e-06
1296.8738099999814	273.15000000000373	292.0081824311931	0.03700850691064956	-1.3460442581031529e-06
1298.8738099999812	273.15000000000373	292.0073128747424	0.037005815858067025	-1.3450071206422003e-06
1300.8738099999812	273.1500000000037	292.0064440042702	0.03700312687737038	-1.3439723768523433e-06
1302.8738099999812	273.1500000000037	292.00557581819373	0.037000439963781426	-1.342940017550736e-06
1304.8738099999812	273.1500000000037	292.0047083149371	0.03699775511254034	-1.341910033576937e-06
1306.8738099999812	273.1500000000037	292.0038414929296	0.03699507231890552	-1.3408824158457584e-06
1308.873809999981	273.1500000000037	292.00297535060724	0.03699239157815349	-1.3398571553152313e-06
1310.873809999981	273.1500000000036	292.00210988641163	0.03698971288557885	-1.3388342429754915e-06
1312.873809999981	273.1500000000036	292.0012450987903	0.03698703623649412	-1.337813669886425e-06
1314.873809999981	273.1500000000036	292.00038098619694	0.03698436162622967	-1.336795427147018e-06
1316.873809999981	273.1500000000036	291.9995175470908	0.03698168905013367	-1.3357795058907471e-06
1318.8738099999807	273.15000000000356	291.9986547799373	0.03697901850357191	-1.3347658973220063e-06
1320.8738099999807	273.15000000000356	291.99779268320754	0.03697634998192776	-1.333754592670749e-06
1322.8738099999807	273.15000000000356	291.99693125537823	0.036973683480602065	-1.3327455832308127e-06
1324.8738099999807	273.15000000000356	291.9960704949322	0.03697101899501307	-1.3317388603243918e-06
1326.8738099999807	273.15000000000356	291.9952104003577	0.036968356520596296	-1.3307344153360993e-06
1328.8738099999807	273.1500000000035	291.9943509701488	0.03696569605280446	-1.329732239683518e-06
1330.8738099999805	273.1500000000035	291.99349220280527	0.036963037587107395	-1.3287323248361854e-06
1332.8738099999805	273.1500000000035	291.99263409683243	0.036960381118991956	-1.3277346623088938e-06
1334.8738099999805	273.1500000000035	291.99177665074126	0.03695772664396194	-1.3267392436519173e-06
1336.8738099999805	273.1500000000035	291.99091986304825	0.036955074157537966	-1.3257460604731783e-06
1338.8738099999805	273.15000000000344	291.99006373227564	0.036952423655257416	-1.3247551044211736e-06
1340.8738099999803	273.15000000000344	291.989208256951	0.03694977513267434	-1.3237663671723892e-06
1342.8738099999803	273.15000000000344	291.98835343560734	0.03694712858535936	-1.3227798404690885e-06
1344.8738099999803	273.15000000000344	291.98749926678323	0.036944484008899596	-1.3217955160798748e-06
1346.8738099999803	273.15000000000344	291.98664574902284	0.03694184139889856	-1.3208133858347413e-06
1348.8738099999803	273.15000000000344	291.9857928808754	0.03693920075097611	-1.319833441580023e-06
1350.87380999998	273.1500000000034	291.9849406608958	0.03693656206076833	-1.3188556752252288e-06
1352.87380999998	273.1500000000034	291.9840890876441	0.03693392532392744	-1.3178800787189957e-06
1354.87380999998	273.1500000000034	291.9832381596858	0.03693129053612175	-1.3169066440403232e-06
1356.87380999998	273.1500000000034	291.98238787559166	0.03692865769303556	-1.3159353632198377e-06
1358.87380999998	273.15000000000333	291.98153823393767	0.03692602679036906	-1.314966228332472e-06
1360.87380999998	273.15000000000333	291.9806892333051	0.03692339782383826	-1.313999231474709e-06
1362.8738099999798	273.15000000000333	291.97984087228036	0.03692077078917492	-1.3130343648050463e-06
1364.8738099999798	273.15000000000333	291.9789931494553	0.03691814568212645	-1.3120716205162957e-06
1366.8738099999798	273.15000000000333	291.97814606342644	0.036915522498455845	-1.3111109908358145e-06
1368.8738099999798	273.1500000000033	291.97729961279595	0.03691290123394161	-1.3101524680311517e-06
1370.8738099999798	273.1500000000033	291.97645379617074	0.03691028188437764	-1.3091960444206278e-06
1372.8738099999796	273.1500000000033	291.97560861216317	0.03690766444557319	-1.3082417123432156e-06
1374.8738099999796	273.1500000000033	291.97476405939017	0.036905048913352785	-1.3072894641907877e-06
1376.8738099999796	273.1500000000032	291.9739201364742	0.03690243528355612	-1.3063392923911807e-06
1378.8738099999796	273.1500000000032	291.9730768420422	0.03689982355203802	-1.305391189413648e-06
1380.8738099999796	273.1500000000032	291.9722341747266	0.03689721371466831	-1.3044451477574456e-06
1382.8738099999794	273.1500000000032	291.97139213316444	0.03689460576733179	-1.3035011599580306e-06
1384.8738099999794	273.1500000000032	291.970550715998	0.03689199970592815	-1.3025592186020788e-06
1386.8738099999794	273.1500000000032	291.96970992187397	0.03688939552637186	-1.3016193163055302e-06
1388.8738099999794	273.1500000000032	291.9688697494443	0.03688679322459214	-1.300681445718848e-06
1390.8738099999794	273.1500000000032	291.9680301973659	0.03688419279653285	-1.2997455995367715e-06
1392.8738099999794	273.1500000000032	291.96719126430014	0.03688159423815243	-1.2988117704919945e-06
1394.8738099999791	273.1500000000031	291.9663529489135	0.03687899754542385	-1.2978799513378521e-06
1396.8738099999791	273.1500000000031	291.96551524987683	0.03687640271433448	-1.2969501348796285e-06
1398.8738099999791	273.1500000000031	291.96467816586636	0.036873809740886096	-1.2960223139495437e-06
1400.8738099999791	273.1500000000031	291.96384169556245	0.03687121862109472	-1.2950964814270858e-06
1402.8738099999791	273.1500000000031	291.9630058376507	0.036868629350990646	-1.2941726302172306e-06
1404.873809999979	273.15000000000305	291.96217059082085	0.03686604192661827	-1.29325075326285e-06
1406.873809999979	273.15000000000305	291.96133595376773	0.0368634563440361	-1.2923308435371788e-06
1408.873809999979	273.15000000000305	291.9605019251906	0.03686087259931662	-1.291412894067617e-06
1410.873809999979	273.15000000000305	291.95966850379347	0.036858290688546284	-1.2904968978869907e-06
1412.873809999979	273.150000000003	291.95883568828486	0.03685571060782538	-1.2895828480864168e-06
1414.8738099999787	273.150000000003	291.95800347737776	0.036853132353268044	-1.288670737782159e-06
1416.8738099999787	273.150000000003	291.95717186979	0.0368505559210021	-1.2877605601194247e-06
1418.8738099999787	273.150000000003	291.9563408642435	0.03684798130716906	-1.2868523082951363e-06
1420.8738099999787	273.150000000003	291.95551045946513	0.03684540850792403	-1.2859459755155249e-06
1422.8738099999787	273.15000000000293	291.95468065418595	0.036842837519435644	-1.2850415550307958e-06
1424.8738099999787	273.15000000000293	291.95385144714174	0.036840268337886006	-1.284139040129516e-06
1426.8738099999784	273.15000000000293	291.9530228370724	0.0368377009594706	-1.2832384241415562e-06
1428.8738099999784	273.15000000000293	291.9521948227224	0.03683513538039827	-1.2823397003981502e-06
1430.8738099999784	273.15000000000293	291.9513674028406	0.03683257159689111	-1.281442862290927e-06
1432.8738099999784	273.1500000000029	291.9505405761803	0.036830009605184406	-1.2805479032369703e-06
1434.8738099999784	273.1500000000029	291.9497143414991	0.03682744940152661	-1.279654816676397e-06
1436.8738099999782	273.1500000000029	291.94888869755886	0.036824890982179205	-1.2787635961016484e-06
1438.8738099999782	273.1500000000029	291.9480636431258	0.036822334343416724	-1.277874235010191e-06
1440.8738099999782	273.1500000000028	291.9472391769704	0.036819779481526614	-1.2769867269588628e-06
1442.8738099999782	273.1500000000028	291.94641529786753	0.03681722639280924	-1.2761010655060366e-06
1444.8738099999782	273.1500000000028	291.94559200459616	0.03681467507357776	-1.2752172442690735e-06
1446.873809999978	273.1500000000028	291.9447692959396	0.0368121255201581	-1.2743352568785563e-06
1448.873809999978	273.15000000000276	291.94394717068514	0.036809577728888876	-1.2734550970015545e-06
1450.873809999978	273.15000000000276	291.94312562762457	0.03680703169612135	-1.272576758340996e-06
1452.873809999978	273.15000000000276	291.94230466555365	0.03680448741821935	-1.2717002346186363e-06
1454.873809999978	273.15000000000276	291.94148428327236	0.03680194489155923	-1.27082551959109e-06
1456.873809999978	273.1500000000027	291.9406644795847	0.036799404112529785	-1.2699526070548804e-06
1458.8738099999778	273.1500000000027	291.93984525329887	0.03679686507753221	-1.269081490821349e-06
1460.8738099999778	273.1500000000027	291.9390266032272	0.03679432778298002	-1.2682121647438072e-06
1462.8738099999778	273.1500000000027	291.9382085281859	0.03679179222529905	-1.2673446226904778e-06
1464.8738099999778	273.15000000000265	291.93739102699544	0.03678925840092728	-1.2664788585752468e-06
1466.8738099999778	273.15000000000265	291.93657409848015	0.03678672630631492	-1.2656148663311017e-06
1468.8738099999775	273.15000000000265	291.9357577414686	0.03678419593792423	-1.2647526399242163e-06
1470.8738099999775	273.15000000000265	291.9349419547929	0.03678166729222954	-1.263892173341351e-06
1472.8738099999775	273.15000000000265	291.9341267372897	0.03677914036571716	-1.2630334606157195e-06
1474.8738099999775	273.1500000000026	291.9333120877991	0.036776615154885305	-1.2621764957864141e-06
1476.8738099999775	273.1500000000026	291.9324980051654	0.036774091656244116	-1.2613212729331605e-06
1478.8738099999773	273.1500000000026	291.9316844882369	0.03677156986631549	-1.2604677861690107e-06
1480.8738099999773	273.1500000000026	291.93087153586555	0.03676904978163311	-1.259616029626341e-06
1482.8738099999773	273.1500000000026	291.9300591469072	0.036766531398742364	-1.2587659974650172e-06
1484.8738099999773	273.1500000000026	291.92924732022175	0.03676401471420029	-1.2579176838725633e-06
1486.8738099999773	273.1500000000026	291.92843605467283	0.03676149972457551	-1.2570710830696151e-06
1488.8738099999773	273.15000000000254	291.9276253491278	0.03675898642644818	-1.256226189296515e-06
1490.873809999977	273.15000000000254	291.92681520245804	0.036756474816409965	-1.2553829968308333e-06
1492.873809999977	273.15000000000254	291.92600561353845	0.036753964891063945	-1.2545414999611299e-06
1494.873809999977	273.15000000000254	291.9251965812479	0.036751456647024575	-1.2537016930249285e-06
1496.873809999977	273.15000000000254	291.924388104469	0.03674895008091764	-1.252863570355777e-06
1498.873809999977	273.15000000000254	291.9235801820879	0.03674644518938021	-1.252027126347774e-06
1500.8738099999769	273.15000000000254	291.9227728129948	0.036743941969060535	-1.2511923553978402e-06
1502.8738099999769	273.15000000000254	291.92196599608326	0.03674144041661807	-1.2503592519335095e-06
1504.8738099999769	273.1500000000025	291.9211597302508	0.03673894052872335	-1.24952781041981e-06
1506.8738099999769	273.1500000000025	291.92035401439824	0.03673644230205801	-1.2486980253241544e-06
1508.8738099999769	273.1500000000025	291.91954884743046	0.03673394573331468	-1.2478698911708094e-06
1510.8738099999766	273.1500000000025	291.9187442282557	0.036731450819196924	-1.2470434024744572e-06
1512.8738099999766	273.1500000000025	291.9179401557859	0.03672895755641927	-1.2462185538084331e-06
1514.8738099999766	273.1500000000025	291.91713662893665	0.036726465941707045	-1.2453953397549915e-06
1516.8738099999766	273.1500000000025	291.91633364662704	0.03672397597179643	-1.2445737549109149e-06
1518.8738099999766	273.1500000000025	291.9155312077798	0.03672148764343433	-1.2437537939223685e-06
1520.8738099999766	273.1500000000025	291.9147293113211	0.03671900095337838	-1.242935451432946e-06
1522.8738099999764	273.1500000000024	291.9139279561806	0.03671651589839688	-1.2421187221388188e-06
1524.8738099999764	273.1500000000024	291.9131271412916	0.036714032475268735	-1.2413036007371074e-06
1526.8738099999764	273.1500000000024	291.9123268655911	0.0367115506807834	-1.2404900819671568e-06
1528.8738099999764	273.1500000000024	291.91152712801903	0.03670907051174085	-1.2396781605759586e-06
1530.8738099999764	273.1500000000024	291.9107279275193	0.036706591964951525	-1.238867831352283e-06
1532.8738099999762	273.1500000000024	291.90992926303903	0.0367041150372363	-1.2380590890897694e-06
1534.8738099999762	273.1500000000024	291.9091311335287	0.03670163972542639	-1.2372519286188494e-06
1536.8738099999762	273.1500000000024	291.9083335379425	0.03669916602636336	-1.2364463447979858e-06
1538.8738099999762	273.15000000000236	291.9075364752378	0.03669669393689904	-1.2356423324821831e-06
1540.8738099999762	273.15000000000236	291.9067399443754	0.03669422345389548	-1.2348398865903454e-06
1542.873809999976	273.15000000000236	291.9059439443194	0.036691754574224925	-1.2340390020220713e-06
1544.873809999976	273.15000000000236	291.9051484740375	0.03668928729476976	-1.2332396737420677e-06
1546.873809999976	273.1500000000023	291.9043535325004	0.03668682161242244	-1.2324418966988094e-06
1548.873809999976	273.1500000000023	291.9035591186824	0.03668435752408548	-1.2316456658914833e-06
1550.873809999976	273.1500000000023	291.902765231561	0.036681895026671386	-1.2308509763239062e-06
1552.873809999976	273.1500000000023	291.90197187011705	0.036679434117102644	-1.2300578230400785e-06
1554.8738099999757	273.1500000000023	291.90117903333453	0.036676974792311606	-1.229266201086394e-06
1556.8738099999757	273.1500000000023	291.90038672020097	0.036674517049240525	-1.2284761055466497e-06
1558.8738099999757	273.1500000000023	291.89959492970684	0.036672060884841456	-1.2276875315275792e-06
1560.8738099999757	273.1500000000023	291.8988036608461	0.03666960629607624	-1.2269004741459468e-06
1562.8738099999757	273.1500000000023	291.8980129126158	0.03666715327991644	-1.2261149285439243e-06
1564.8738099999755	273.1500000000023	291.8972226840162	0.03666470183334333	-1.2253308898840691e-06
1566.8738099999755	273.1500000000023	291.8964329740507	0.036662251953347796	-1.2245483533716984e-06
1568.8738099999755	273.1500000000023	291.8956437817261	0.03665980363693035	-1.2237673141987807e-06
1570.8738099999755	273.1500000000023	291.89485510605215	0.03665735688110107	-1.222987767605347e-06
1572.8738099999755	273.1500000000023	291.89406694604185	0.03665491168287952	-1.2222097088428719e-06
1574.8738099999753	273.1500000000023	291.8932793007113	0.03665246803929476	-1.2214331331833063e-06
1576.8738099999753	273.1500000000023	291.8924921690798	0.036650025947385284	-1.2206580359200893e-06
1578.8738099999753	273.1500000000023	291.89170555016955	0.03664758540419896	-1.2198844123721824e-06
1580.8738099999753	273.1500000000023	291.8909194430062	0.03664514640679303	-1.2191122578624502e-06
1582.8738099999753	273.1500000000023	291.890133846618	0.036642708952234045	-1.2183415677662768e-06
1584.8738099999753	273.1500000000023	291.88934876003685	0.03664027303759777	-1.2175723374520146e-06
1586.873809999975	273.1500000000022	291.8885641822973	0.03663783865996926	-1.2168045623145156e-06
1588.873809999975	273.1500000000022	291.88778011243693	0.03663540581644273	-1.216038237768918e-06
1590.873809999975	273.1500000000022	291.88699654949653	0.036632974504121535	-1.2152733592659432e-06
1592.873809999975	273.1500000000022	291.8862134925199	0.03663054472011814	-1.2145099222523823e-06
1594.873809999975	273.1500000000022	291.88543094055376	0.036628116461554054	-1.2137479222128862e-06
1596.8738099999748	273.1500000000022	291.8846488926477	0.036625689725559844	-1.2129873546369272e-06
1598.8738099999748	273.1500000000022	291.8838673478546	0.036623264509275034	-1.21222821505173e-06
1600.0000112618998	273.15000000000214	291.88342748062183	0.036621899536413385	-1.2118013701820529e-06
